8.401877171547095e-01,3.943829268190930e-01,7.830992237586059e-01,7.984400334760733e-01,9.116473579367843e-01
1.975513692933840e-01,3.352227557148890e-01,7.682295948119040e-01,2.777747108031878e-01,5.539699557954305e-01
4.773970518621602e-01,6.288709247619244e-01,3.647844727918433e-01,5.134009101956155e-01,9.522297251747128e-01
9.161950680037007e-01,6.357117279599009e-01,7.172969294326831e-01,1.416025553558034e-01,6.069688762570586e-01
1.630057162432958e-02,2.428867706297370e-01,1.372315767860187e-01,8.041767542269904e-01,1.566790892540846e-01
4.009443942461835e-01,1.297904467814557e-01,1.088088020257693e-01,9.989245180035590e-01,2.182569053109069e-01
5.129323944043984e-01,8.391122346926072e-01,6.126398325956612e-01,2.960316176973430e-01,6.375522677030192e-01
5.242871900667843e-01,4.935829869907270e-01,9.727750238835695e-01,2.925167844130270e-01,7.713576977939148e-01
5.267449792133388e-01,7.699138362751873e-01,4.002286220901779e-01,8.915294520051822e-01,2.833147460051415e-01
3.524583472648907e-01,8.077245200088827e-01,9.190264739650424e-01,6.975527623191256e-02,9.493270753646861e-01
