1 2 8 1 7 5
2 2 8 5 4 7
3 6 8 7 1 4
4 9 8 1 8 1
5 5 4 9 5 1
6 9 2 5 7 7
7 4 6 3 1 2
8 3 8 5 1 7
9 2 8 3 4 3
10 1 1 3 7 5
11 5 2 7 4 3
12 4 7 3 9 2
13 8 2 6 5 9
14 6 4 1 7 4
15 4 5 5 5 2
16 3 7 9 4 1
17 7 3 9 3 6
18 8 4 3 9 8
19 1 9 9 9 8
20 9 4 6 9 8
21 3 3 6 1 5
22 2 1 5 6 7
23 8 8 9 1 5
24 9 5 7 3 2
25 7 6 6 7 8
26 7 5 1 7 2
27 6 3 5 1 5
28 7 4 8 1 1
29 9 4 5 1 1
30 8 9 4 9 7
31 3 5 5 4 8
32 9 1 8 9 6
33 1 9 6 2 9
34 8 5 5 5 6
35 3 6 1 2 6
36 5 8 4 3 9
37 6 5 5 3 3
38 3 7 9 5 1
39 4 7 9 3 2
40 1 4 7 5 6
41 7 9 7 8 5
42 8 7 6 8 2
43 8 1 4 7 5
44 3 2 3 8 1
45 1 2 6 3 7
46 9 1 9 8 3
47 5 2 1 3 3
48 4 8 2 5 3
49 9 3 9 8 8
50 9 1 8 1 7
51 7 5 5 9 6
52 5 6 5 6 6
53 2 8 6 7 7
54 5 4 6 9 4
55 9 3 9 2 3
56 4 5 9 7 1
57 7 5 7 4 5
58 8 5 8 7 4
59 9 4 5 3 5
60 3 3 8 2 1
61 9 5 8 9 9
62 1 4 3 5 5
63 7 7 8 9 8
64 4 9 1 6 4
65 5 9 2 7 9
66 3 4 7 6 8
67 4 1 9 5 6
68 4 2 9 5 5
69 2 7 7 2 3
70 3 1 6 2 5
71 1 6 3 8 2
72 6 3 9 7 4
73 3 8 9 9 4
74 4 4 5 1 1
75 9 7 1 5 6
76 2 5 1 8 9
77 8 3 6 2 3
78 5 6 3 7 8
79 9 9 5 8 4
80 3 4 3 5 4
81 9 6 6 1 5
82 4 8 1 3 1
83 6 9 3 5 5
84 2 8 5 5 8
85 2 3 9 4 5
86 4 8 6 8 8
87 2 3 7 8 5
88 3 3 7 4 1
89 6 7 2 2 2
90 2 7 3 3 2
91 2 9 5 3 1
92 7 1 8 9 7
93 6 8 2 6 8
94 1 3 7 2 7
95 2 5 8 2 2
96 8 8 8 2 7
97 6 8 4 2 5
98 9 4 5 1 4
99 1 9 4 6 9
100 7 9 5 2 5
101 5 7 7 5 3
102 8 4 4 8 7
103 7 1 9 7 6
104 7 9 7 6 1
105 6 6 4 8 4
106 5 7 1 2 2
107 8 4 3 9 6
108 6 5 6 4 3
109 8 8 4 5 6
110 1 2 5 8 4
111 6 5 1 7 8
112 4 8 9 8 4
113 5 9 5 4 3
114 2 2 6 3 4
115 3 1 8 1 8
116 6 9 7 2 4
117 3 4 5 7 7
118 4 4 3 9 9
119 6 8 6 9 3
120 6 3 3 8 6
121 9 6 5 9 1
122 2 5 9 2 2
123 5 1 6 5 7
124 3 7 6 7 8
125 8 9 7 7 7
126 6 5 5 7 7
127 7 5 5 2 7
128 3 2 8 9 1
129 7 8 7 6 5
130 4 6 2 8 1
131 3 1 6 1 6
132 6 6 5 7 2
133 6 8 3 6 5
134 7 7 4 3 4
135 9 5 6 4 3
136 7 7 5 1 4
137 5 2 9 8 1
138 8 6 4 3 3
139 6 6 3 1 7
140 8 3 9 7 4
141 6 6 8 7 7
142 8 1 1 7 4
143 6 1 1 4 3
144 1 5 6 7 7
145 9 6 6 7 1
146 7 4 3 1 8
147 7 4 8 7 4
148 9 8 4 4 6
149 5 5 4 5 8
150 4 3 9 6 5
151 9 2 8 9 5
152 3 9 5 4 5
153 7 1 3 7 7
154 6 6 7 3 1
155 1 8 7 9 9
156 2 9 2 5 7
157 3 8 9 3 1
158 5 5 2 7 5
159 3 7 6 8 9
160 7 2 3 5 1
161 1 7 5 4 9
162 8 8 9 1 3
163 8 1 8 5 3
164 4 3 5 6 2
165 5 6 5 1 4
166 3 1 5 8 6
167 5 3 4 2 6
168 7 7 5 5 5
169 9 5 7 3 1
170 2 5 9 1 6
171 3 5 2 6 6
172 8 1 1 4 8
173 1 9 3 6 9
174 9 1 3 8 8
175 3 5 7 6 2
176 3 3 8 7 6
177 2 1 7 9 9
178 3 2 4 4 9
179 3 5 5 2 9
180 8 6 7 5 4
181 6 7 4 2 9
182 3 9 8 9 2
183 9 1 3 8 2
184 3 4 9 7 1
185 3 6 4 1 8
186 7 1 4 3 1
187 2 3 7 7 4
188 5 1 3 8 7
189 4 8 4 7 1
190 8 5 5 5 9
191 4 7 4 5 9
192 3 5 2 4 4
193 3 2 8 1 7
194 2 3 7 1 1
195 2 2 3 8 2
196 2 5 6 5 2
197 7 7 4 6 2
198 3 2 8 5 9
199 9 8 5 9 4
