None 	[0, [1.0, 1.0, 3.0]]
None 	[0, [1.0, 4.0, 1.0]]
None 	[0, [5.0, 3.0, 1.0]]
None 	[1, [1.0, 6.0, 16.0]]
None 	[1, [2.0, 5.0, 26.0]]
None 	[1, [3.0, 2.0, 20.0]]
None 	[1, [4.0, 1.0, 17.0]]
None 	[2, [2.0, 14.0, 4.0]]
None 	[2, [3.0, 11.0, 1.0]]
None 	[3, [1.0, 11.0, 20.0]]
None 	[3, [1.0, 14.0, 15.0]]
None 	[3, [4.0, 12.0, 18.0]]
None 	[3, [5.0, 11.0, 17.0]]
None 	[4, [6.0, 3.0, 10.0]]
None 	[4, [7.0, 10.0, 2.0]]
None 	[4, [7.0, 3.0, 7.0]]
None 	[4, [8.0, 1.0, 12.0]]
None 	[4, [8.0, 2.0, 4.0]]
None 	[4, [9.0, 2.0, 2.0]]
None 	[5, [6.0, 5.0, 17.0]]
None 	[5, [6.0, 6.0, 15.0]]
None 	[5, [7.0, 2.0, 19.0]]
None 	[5, [7.0, 3.0, 15.0]]
None 	[6, [6.0, 11.0, 12.0]]
None 	[6, [8.0, 18.0, 6.0]]
None 	[6, [9.0, 17.0, 4.0]]
None 	[7, [6.0, 11.0, 16.0]]
