6 5 17
8 12 28
9 4 6
6 10 11
1 11 20
2 5 26
9 2 11
2 15 15
3 11 22
7 6 10
6 11 16
1 6 16
3 7 29
6 15 19
7 10 14
4 13 4
4 10 2
3 6 12
3 14 14
8 6 5
8 19 28
5 15 19
4 4 28
9 4 10
4 14 16
7 2 19
1 4 1
1 13 21
3 9 4
3 17 10
7 10 4
4 5 10
8 2 4
1 1 3
7 11 16
7 13 13
9 18 26
5 3 1
5 19 2
6 12 22
5 2 3
3 1 14
1 17 16
1 9 29
7 6 13
5 6 25
9 9 3
5 3 25
3 1 7
7 3 9
9 2 2
4 1 18
3 2 20
4 11 26
1 14 15
5 9 1
7 6 8
6 6 15
3 8 7
2 14 4
9 17 4
8 15 21
2 7 17
2 18 15
8 1 12
8 18 6
5 1 3
5 3 8
4 13 6
4 10 2
3 11 1
6 18 17
9 13 17
8 14 16
5 19 25
5 6 18
9 5 16
1 14 22
6 11 12
7 6 12
8 17 13
7 10 23
4 15 26
5 11 17
4 12 18
5 4 8
5 16 18
7 17 26
6 3 10
4 3 29
6 3 13
7 10 2
7 3 15
7 3 7
3 17 25
2 15 10
2 17 5
4 1 17
2 18 7
3 17 21
