8.401877171547095e-01,3.943829268190930e-01,7.830992237586059e-01,7.984400334760733e-01
9.116473579367843e-01,1.975513692933840e-01,3.352227557148890e-01,7.682295948119040e-01
2.777747108031878e-01,5.539699557954305e-01,4.773970518621602e-01,6.288709247619244e-01
3.647844727918433e-01,5.134009101956155e-01,9.522297251747128e-01,9.161950680037007e-01
6.357117279599009e-01,7.172969294326831e-01,1.416025553558034e-01,6.069688762570586e-01
1.630057162432958e-02,2.428867706297370e-01,1.372315767860187e-01,8.041767542269904e-01
1.566790892540846e-01,4.009443942461835e-01,1.297904467814557e-01,1.088088020257693e-01
9.989245180035590e-01,2.182569053109069e-01,5.129323944043984e-01,8.391122346926072e-01
6.126398325956612e-01,2.960316176973430e-01,6.375522677030192e-01,5.242871900667843e-01
4.935829869907270e-01,9.727750238835695e-01,2.925167844130270e-01,7.713576977939148e-01
5.267449792133388e-01,7.699138362751873e-01,4.002286220901779e-01,8.915294520051822e-01
2.833147460051415e-01,3.524583472648907e-01,8.077245200088827e-01,9.190264739650424e-01
6.975527623191256e-02,9.493270753646861e-01,5.259953502221011e-01,8.605584785624214e-02
1.922138459944231e-01,6.632269270081198e-01,8.902326025488938e-01,3.488929352485076e-01
6.417132078864207e-02,2.002304886468828e-02,4.577017372742769e-01,6.309583832653977e-02
2.382799541755952e-01,9.706341316786754e-01,9.022080734848082e-01,8.509197867712563e-01
2.666657493760184e-01,5.397603407221662e-01,3.752069763723793e-01,7.602487363667454e-01
5.125353641400744e-01,6.677237607854063e-01,5.316064341606602e-01,3.928034335341320e-02
4.376375965949323e-01,9.318350562508382e-01,9.308097953585953e-01,7.209523430657351e-01
2.842934030500676e-01,7.385343149018168e-01,6.399788165651163e-01,3.540486797476414e-01
6.878613902665029e-01,1.659741663215561e-01,4.401045276038835e-01,8.800752362609260e-01
8.292010933296760e-01,3.303371296871161e-01,2.289681710437723e-01,8.933724145839793e-01
3.503601785518043e-01,6.866699083180492e-01,9.564682529105192e-01,5.886401331930609e-01
6.573040395310633e-01,8.586763259296661e-01,4.395599194986559e-01,9.239697889070817e-01
3.984366666518322e-01,8.147668963366965e-01,6.842185252738271e-01,9.109720307919067e-01
4.824906566564416e-01,2.158249589688261e-01,9.502523741453198e-01,9.201282537170352e-01
1.476600147540029e-01,8.810621695039152e-01,6.410805963171090e-01,4.319534182697318e-01
6.195964839400707e-01,2.810594124165640e-01,7.860020980173732e-01,3.074578737409124e-01
4.470335792037815e-01,2.261066251555954e-01,1.875331095361771e-01,2.762346720677962e-01
5.564437553083728e-01,4.165012805799494e-01,1.696070861861143e-01,9.068039338601771e-01
1.031711884323373e-01,1.260753390966334e-01,4.954440665875767e-01,7.604752284290619e-01
9.847516650262995e-01,9.350039865518939e-01,6.844450168704823e-01,3.831883312124705e-01
7.497708824229291e-01,3.686635416786482e-01,2.941603620043771e-01,2.322615386137094e-01
5.844885006474743e-01,2.444127356840357e-01,1.523897918650833e-01,7.321485158671385e-01
1.254749047222896e-01,7.934703881821923e-01,1.641019336712090e-01,7.450713891280216e-01
7.452980059875632e-02,9.501040316885822e-01,5.252926240327268e-02,5.215633798025378e-01
1.762106563785163e-01,2.400623724051110e-01,7.977980518703340e-01,7.326544116868891e-01
6.565636529850605e-01,9.674051385221095e-01,6.394583455470663e-01,7.597348418830591e-01
9.348047715308166e-02,1.349024116689816e-01,5.202100698464597e-01,7.823214171371988e-02
6.990639775521419e-02,2.046550862512808e-01,4.614204733918516e-01,8.196772801781433e-01
5.733186283955903e-01,7.555808353962288e-01,5.193881879185271e-02,1.578071285774033e-01
9.999935710802644e-01,2.043286106569360e-01,8.899556444445419e-01,1.254684758025540e-01
9.977989993047895e-01,5.405757765008955e-02,8.705398649305757e-01,7.232879943788462e-02
4.161608873010431e-03,9.230691273338484e-01,5.938921792404224e-01,1.803722657171880e-01
1.631314992732981e-01,3.916902306450951e-01,9.130266774040771e-01,8.196951527240198e-01
3.590953687015433e-01,5.524850224854820e-01,5.794299941414176e-01,4.525758458546250e-01
6.873874346201250e-01,9.964006352221597e-02,5.308079880340062e-01,7.572938323753392e-01
3.042951497734968e-01,9.922284614258579e-01,5.769711125534824e-01,8.776137781690870e-01
7.478092963564253e-01,6.289099313453351e-01,3.542090674649035e-02,7.478028669710285e-01
8.332385420022712e-01,9.253765511910322e-01,8.732713427735824e-01,8.310375408413995e-01
9.794341293067830e-01,7.438112072384968e-01,9.033663402792841e-01,9.835957381797935e-01
6.668803345723452e-01,4.972585190540452e-01,1.639680034313202e-01,8.300118338456433e-01
8.889487501648016e-01,7.699468083539730e-02,6.497069861040018e-01,2.480441184006837e-01
6.294797033208793e-01,2.291369797797580e-01,7.006199647209700e-01,3.168671374753430e-01
3.287770433019740e-01,2.314279522893149e-01,7.416096985068217e-02,6.330721935411320e-01
2.236564132495115e-01,6.511320824041646e-01,5.106859712445577e-01,9.714657096059368e-01
2.800420132838385e-01,5.461068779910481e-01,7.192685761113039e-01,1.132805548204484e-01
4.714834291820803e-01,5.925399188848864e-01,9.443180961275092e-01,4.509175580232020e-01
3.363511256577220e-01,8.476844359411320e-01,4.345132957373342e-01,3.231459764405834e-03
3.449429549951772e-01,5.984812996343157e-01,8.332432940757104e-01,2.338917046943175e-01
6.754759804697130e-01,4.829502797140509e-01,4.819358230950012e-01,3.049556833249311e-01
7.120872599594701e-01,1.825557873503099e-01,6.218228212659354e-01,4.086430279578283e-02
4.139837396396248e-01,6.959837911166176e-01,6.739364963369149e-01,6.376401528891363e-01
3.471158730551209e-01,1.846224675814726e-01,6.091058620294117e-01,6.271578863389594e-01
7.307293455725207e-01,3.283744381407157e-01,7.404384411594078e-01,2.022127742889397e-01
9.209143570256021e-01,6.847565368212557e-01,6.531303323121417e-01,2.572654822176627e-01
5.324409727623877e-01,8.764362804947590e-02,2.604969424477299e-01,8.773839277575649e-01
6.861249276837916e-01,9.374023605777893e-02,1.112756319862211e-01,3.616009076878433e-01
5.766905157718297e-01,5.932114550812223e-01,6.665565910127743e-01,2.887777752656386e-01
7.757672428971936e-01,2.883794118130484e-01,3.296420785270827e-01,1.897509820711571e-01
9.843632029296659e-01,3.578574398336268e-03,8.273911354259547e-01,3.314790755191255e-01
1.882010419798089e-01,4.364969969897051e-01,9.586369618580849e-01,9.189303880179908e-01
7.648714351304208e-01,6.990754030174927e-01,1.211431618412692e-01,6.857857916903616e-01
3.838319393730871e-01,7.742734946190721e-01,9.430512743736856e-01,9.162729121354748e-01
8.619171226685480e-01,2.035482163557542e-01,7.936568394273784e-01,5.480420498866784e-01
2.972884524135331e-01,9.049324714135996e-01,9.096429575745216e-01,8.739789681853628e-01
4.981439264948219e-01,5.761995481216347e-01,1.627567434510015e-01,2.739111689263541e-01
8.645789604003443e-01,4.923988219780842e-01,4.636621509975112e-01,8.489421628643490e-01
4.959773963764205e-01,2.910532859578046e-01,1.804212383834744e-01,6.841784388218906e-01
7.275502834131710e-01,1.390581997758980e-01,6.031088263742201e-01,4.924217180779305e-01
8.381336027933907e-01,7.242519882154893e-01,1.782075097682921e-01,2.219655421664778e-01
4.985254823689002e-01,1.212587836763164e-01,1.382384538362913e-01,3.604426045717870e-01
3.248070000320706e-01,9.318952937293310e-01,9.084846544584654e-01,6.220954524456036e-01
8.368277646772693e-01,8.181276115673257e-01,4.960744201653052e-01,3.349716907064298e-01
3.943271596889604e-01,6.588311636163067e-01,6.088828596327840e-01,2.589061196236434e-01
1.512299851287296e-01,7.254501063029516e-02,1.078482820223310e-01,6.472073819708114e-01
3.635982965880997e-01,2.882695204058054e-01,3.313858203270407e-01,9.114857953560938e-02
4.273277206473647e-01,9.344946467012608e-01,5.835702980792011e-01,2.654613229750941e-01
6.587466344510888e-01,7.617778078474933e-01,4.874268651415719e-01,1.572721168199890e-01
8.830365915238096e-01,6.256653194435245e-01,5.177147213917760e-01,2.078435910902189e-01
5.575606127071943e-01,4.261993758502413e-01,8.299390435358226e-01,3.943883769188022e-01
2.443269869519058e-01,3.260134632354665e-01,7.293600680908934e-01,6.386541466408662e-01
9.848446273174345e-01,3.382429272580160e-01,8.975602662645096e-01,1.360746119805028e-01
4.107879378883112e-01,5.408548286840575e-03,7.832819939513141e-01,7.743862349420721e-01
2.936780686926460e-01,1.146678138126935e-01,8.655348144776815e-01,7.210057893400107e-01
4.916246004829298e-02,4.491051120912214e-01,9.864671127807662e-01,7.079090949650431e-01
2.108829194730534e-01,4.738939774566768e-01,8.651812117850320e-01,9.391951053120173e-02
9.955929643453998e-02,3.828959327111467e-01,3.017631016214206e-01,6.571199091417342e-01
8.090953085613881e-01,1.317021446915819e-01,5.150828606053642e-02,5.342229551329385e-02
4.577156083927097e-01,7.808683541514297e-01,6.920764421541600e-01,4.425602352444828e-01
1.191112809437845e-01,5.896367084186696e-01,5.786348472249856e-01,5.298992192977570e-01
5.950452567055101e-01,3.619168411762998e-01,3.042854537741679e-01,8.887233253981561e-01
4.765846549889933e-01,1.698202677861882e-01,6.097291147381668e-01,5.257471155029475e-01
6.189253803430709e-01,5.961962270532717e-01,2.336562100023293e-01,8.298082998161243e-01
7.009020404428719e-02,9.883742132170006e-02,9.237278108129873e-01,1.696495009444884e-01
4.817333540328468e-01,2.254909119687467e-01,8.267694100862226e-01,2.908286625942349e-01
3.571930571259899e-01,8.782776961467591e-01,3.442509581075287e-01,8.149086655186996e-01
6.591460498325276e-01,3.632739979602741e-02,2.574689002975211e-01,7.782573312419734e-01
6.259641082146969e-01,8.361037475225067e-01,3.081565500740691e-01,2.210093644545457e-01
1.980205882331452e-01,6.124420038482370e-01,1.097326898527018e-01,6.746052436877997e-01
7.822622716344252e-01,7.194618045908687e-01,2.003523587250860e-01,4.011876515118348e-01
3.156580311784791e-01,4.340085687274153e-01,2.309959513279591e-01,3.857482352227663e-01
5.328459900491154e-01,1.547237616752851e-01,5.553977361672547e-01,1.457934361630089e-02
3.802146736440317e-01,3.821671462534774e-01,3.054080062105358e-01,7.374077307700215e-01
2.604448419345752e-01,6.496589643180645e-01,5.523163958230598e-01,9.195908922327640e-01
6.859863645797531e-01,8.097852961205809e-01,6.978482230090761e-01,3.119504723287888e-01
6.458890436430876e-01,6.004772617483872e-03,5.329598372489959e-01,8.439096318762329e-01
6.184467764657209e-01,6.426925271016977e-01,5.185148750983714e-01,4.007090476344847e-01
3.621543312269050e-01,7.188672338234574e-01,8.018966996119808e-01,6.778123624053841e-01
1.528758020852114e-01,3.289265047427856e-02,6.356059716248913e-02,6.857217921343268e-01
1.876164121495636e-01,6.189583337954051e-01,7.003011362162890e-01,5.678310857935953e-01
1.125479583221245e-03,5.709141961163441e-03,3.052388165636169e-01,2.615703215177964e-01
6.553681067448892e-01,8.575552123866766e-01,1.811612132848991e-01,3.413544708589811e-01
6.673405085072576e-01,8.790094362939752e-01,6.533049431877700e-01,3.132295516846839e-01
8.850142089114591e-01,1.862647799711045e-01,1.571391830952555e-01,5.034609849115186e-01
8.289573070728021e-01,6.756540586592882e-01,9.041700330116647e-01,1.911116378340459e-01
3.945212920170842e-01,7.060667321579842e-01,8.689240002394300e-01,5.473970945679569e-01
7.389593826322627e-01,9.324845978675804e-01,2.331188862366224e-01,9.265757947818264e-01
5.514429311973242e-01,9.334200224529113e-01,4.944068801097604e-01,5.525684107805455e-01
9.391291648797361e-01,7.996456966733773e-01,8.141387322983419e-01,5.944972711589640e-01
6.572009090600539e-01,9.952999460489024e-01,9.358517420179452e-01,3.245414171016502e-01
8.743093818772162e-01,5.891566847400538e-01,6.377709687863341e-01,7.593235907886753e-01
7.754214651768195e-01,7.949101518815896e-01,2.627845752345326e-01,6.043787717839604e-01
4.705642100752165e-01,1.669546077805360e-01,7.954904100836676e-01,8.650855025579620e-01
8.730213399385202e-01,6.644144098574363e-01,4.124825966602576e-01,6.119807221051216e-01
5.968990072593554e-01,6.456014828968800e-01,5.385565164212867e-01,1.483419379910184e-01
5.790215053497914e-01,3.296339653104702e-02,7.009103487715639e-01,5.181506697638661e-01
8.326090932044243e-01,5.150490810699058e-01,1.126479404571689e-01,4.898100017988170e-01
5.103490266531469e-01,4.849968200945281e-02,8.143514189004671e-01,3.846584080647018e-01
6.376563667495067e-01,4.521223872211400e-01,1.439819983877158e-01,4.130778314606649e-01
2.470325391027297e-01,4.067665740879097e-01,1.745660324462531e-02,7.175967491779461e-01
5.737211818684457e-01,8.129470133282929e-01,5.826822512702468e-01,4.467425218069658e-01
4.773614227200679e-01,9.951648479305044e-01,5.872324344642611e-02,7.426042997942327e-02
6.407663308273844e-01,5.972797603333740e-01,2.226023679704416e-01,2.197878357115145e-01
6.302431568644210e-01,9.235127172076668e-01,7.379385054753806e-01,4.628522496031841e-01
4.385617978119113e-01,8.505864459325496e-01,9.526622518676623e-01,9.489108244650581e-01
8.990861279420025e-01,7.670136703024683e-01,3.335692320640987e-01,5.367424942258477e-01
2.191360575236082e-01,4.775512309174758e-01,9.498203261521739e-01,4.661685966263379e-01
8.843178050053855e-01,9.672769293967992e-01,1.837653453386227e-01,4.580389864081699e-01
7.802239422594308e-01,7.664475970745308e-01,9.047815082151357e-01,2.575853645138375e-01
7.616124445393739e-01,9.635047521272231e-01,3.318457944932607e-01,4.023787749010971e-01
5.607845119949358e-01,5.544481629293636e-01,6.221666106126116e-01,1.910276683936956e-01
4.779608796713691e-01,3.601051156223310e-01,6.538799179968796e-01,9.165226774832805e-01
2.106915610892193e-01,6.065421693988806e-01,8.654335014826774e-01,1.097776885655605e-01
3.735558397013489e-01,1.990027330811148e-01,6.465201832570695e-01,5.926918972249571e-01
6.765539639985906e-01,5.963405089435821e-01,5.886049338563368e-02,5.608717685383148e-01
5.636174378747202e-01,2.426258387242564e-01,1.891075494648458e-02,3.438413796684898e-01
9.073435333125962e-03,9.236922631616202e-01,6.014267441823272e-01,7.706858803381612e-01
8.871970148231820e-01,9.332725391412492e-01,1.730646547735970e-01,4.479815263524565e-01
4.877207016049515e-01,7.952312658518699e-01,6.390091947461521e-01,9.656815812763206e-01
1.553363810085395e-01,2.928891127430318e-01,8.822042582939399e-01,3.660279425634201e-01
8.994312821419124e-01,7.476377593109560e-01,4.758056311289806e-01,2.729871213776000e-01
9.466404923920708e-01,1.223258139203888e-01,8.656790186025570e-01,6.231944563906614e-01
7.186663228639710e-01,9.245395119881907e-01,1.840662244633149e-01,2.822837602730299e-01
1.671653507124471e-01,2.029769794097994e-01,6.261251399415196e-01,1.762387860455731e-01
1.266692425714197e-01,2.275518841238468e-01,9.469246663837343e-01,1.386625692894042e-02
1.608244227994347e-01,1.199893211573313e-01,4.618477837470583e-01,6.485451244043862e-01
9.152205870092011e-01,1.008569780275491e-01,6.142267052150456e-01,7.055696755207934e-02
3.937460907705809e-01,4.964309630433242e-01,4.365849101154995e-01,2.931773729124932e-01
2.440687218886189e-01,9.123905417101413e-01,5.661644942900932e-01,1.907092138150284e-01
3.471635516486892e-02,4.318435128926502e-01,8.139036702056898e-01,7.533826784945012e-01
3.563830244151796e-01,9.979698951346659e-01,3.566643830186987e-02,5.235483751276268e-01
2.009468740788041e-01,6.617915787090508e-01,6.997871616388611e-01,3.276161166502238e-01
8.893434628328977e-01,6.467118275569341e-01,3.414823740448255e-01,5.016788516667108e-02
7.667011487142654e-01,8.033301577918838e-01,6.987130095710573e-01,6.819217352578052e-01
9.041871358194329e-01,3.129397143204416e-01,7.524787032755458e-01,2.979332265900137e-01
8.093706773637658e-01,1.890636129253840e-01,5.911105995025070e-01,5.343939878672333e-02
1.014541541698641e-01,1.572750933269388e-01,2.441486126017517e-01,1.361705098003943e-01
5.891186062195891e-01,5.805228280744156e-02,8.895531882948955e-01,9.455016311004300e-01
5.602217747644623e-02,9.252196265967654e-01,4.690500057623955e-01,2.569690515552503e-01
5.870112048401549e-01,1.688371669355953e-01,5.845851686711354e-01,4.763546672073913e-01
8.155489949581907e-01,9.260675427159609e-01,5.265225523740624e-01,5.822501432067948e-01
7.293977000421834e-01,2.252355614794584e-01,2.641718784646000e-01,6.335848353959549e-01
5.381752757999000e-01,1.665058127448455e-02,9.315180619859686e-01,3.475459526980044e-01
2.057141941998686e-01,5.226286610228142e-01,4.009853514847277e-01,3.071683488353940e-01
6.799037548154144e-01,6.451339645521408e-01,4.433388586357883e-01,2.690223605693422e-01
7.031862473595824e-01,3.328920464650225e-01,2.145239912041109e-01,7.592084248360286e-01
2.581116725961267e-01,6.835739974321676e-01,1.617747592561761e-02,8.451228779019428e-01
8.524111643677630e-01,6.007626445967530e-01,3.214775446436729e-01,6.679601588602924e-01
5.268301868470526e-01,8.480000974833966e-01,2.502103020670872e-01,2.562278864235747e-01
7.323565849719367e-02,5.143821805316872e-01,8.898127222851909e-01,6.114109347627549e-01
5.310327618061718e-01,8.213307838054983e-01,9.589568874607594e-01,7.367469560060403e-01
3.439594448283126e-01,3.599422389454870e-01,4.391530437577297e-02,2.386319917806573e-02
5.076203031966557e-03,4.872541630115612e-01,2.928855597474079e-01,7.082624503915489e-01
8.201462094765838e-01,5.074095514171801e-01,4.674708747619162e-01,7.825788207271038e-02
1.909835483836865e-01,4.836483506875338e-01,9.233807599746533e-01,4.339471228578813e-02
8.441099528428679e-02,2.448583041526649e-01,7.113548716117418e-01,6.112411821313394e-01
9.285840117040016e-02,9.615651736788290e-01,8.674690690205754e-01,1.660940601332551e-01
4.759473537448549e-01,7.572817908401051e-01,7.775049948960100e-01,6.980115085365305e-03
5.786125741799421e-01,7.364618818911081e-01,7.437270710914056e-01,9.225720190082547e-01
9.640412037093385e-02,7.876423759328399e-01,9.464352181863204e-01,1.014803234029004e-01
2.748965384787398e-01,2.393207779337283e-01,8.097427737944493e-01,9.504274795532354e-02
7.467303293509084e-01,2.772136480907042e-01,1.733006300280339e-01,9.377138777345949e-01
7.608619992438993e-01,9.668138953702589e-02,9.811085900203831e-01,8.452729945281861e-01
3.415396936896908e-01,6.924634611664635e-01,4.565141761938641e-01,4.343980953257522e-01
6.540286343796312e-01,3.239832447487783e-01,6.004921554590074e-01,1.299759876588248e-01
8.126503512322206e-02,3.779971498893561e-01,1.369561027441901e-01,6.598776097688254e-01
1.144590313148028e-01,8.806831743012570e-01,5.824496283114188e-01,2.108631521513980e-01
6.683255497684356e-01,5.288848464977391e-01,3.123434755542984e-01,9.432220882471753e-01
7.682056244314674e-01,1.220862493487477e-01,3.826483573683763e-02,5.149359533167146e-01
3.992998974394518e-01,2.115654657648716e-01,4.526498305856482e-01,1.601618962176898e-01
3.082468553018974e-01,4.337584201403700e-01,5.434890280214553e-03,6.497865494572495e-01
1.262218813068335e-01,4.619490669397400e-01,8.418464431734041e-02,7.802505156864648e-01
7.859323116885183e-01,6.846767997763478e-01,9.102265038109508e-01,8.671973472774016e-01
6.267394920004250e-02,4.718260608947957e-02,5.270749565805658e-01,1.771329805148453e-01
9.278657803907365e-01,1.095245844263232e-01,3.879961326662433e-01,5.961913296935109e-01
6.384094309240623e-01,7.003396086862029e-01,5.394134179406862e-01,4.066150548898685e-01
8.224258580349506e-01,5.776782536775238e-01,9.215510082065831e-01,2.217257550087412e-01
7.892437199080566e-01,3.742008383265700e-01,3.818876516920923e-01,9.749057474429280e-02
8.079592589326013e-01,3.873225419723068e-01,7.472771242015422e-01,9.341811402394349e-01
8.492716089120468e-01,8.314617685188826e-01,7.144316554602383e-01,6.352039206005651e-01
5.161385678295691e-01,6.246581588055278e-01,5.024012674123055e-01,5.788125170296117e-01
6.718407653606686e-01,2.947622352720994e-02,7.559454980101182e-01,5.997065452857440e-01
1.390008079535332e-01,1.439416302107003e-01,1.958978749792547e-01,7.774102393432568e-01
8.442812388969032e-01,7.353112929199409e-01,1.840252937674640e-01,6.667070964661925e-01
3.129895461318035e-01,1.055763019740471e-01,8.884328519405950e-01,1.022332655741988e-01
4.797771403006171e-01,2.703205031670260e-01,1.997238407841529e-01,2.877363987675572e-01
6.576430451393328e-01,9.470009649856952e-01,2.219175385413307e-01,5.069146540513796e-01
7.784627335045778e-01,9.363491944672303e-01,1.421185741862834e-01,2.946013008684857e-01
5.610073528070968e-01,6.445198415985889e-01,8.734138183637586e-01,2.328481177021042e-01
6.739960651257988e-01,6.293593159082156e-01,8.325546634535094e-01,8.129968730793320e-01
7.733009461189159e-01,2.845253796710285e-02,5.904071119569275e-01,6.175821850158191e-01
7.637638308870438e-01,7.744324061900528e-01,2.842892810163504e-01,7.675337655318593e-02
8.800087081640999e-01,1.727221324912841e-01,1.789866425930460e-01,3.597858479990558e-01
4.430426356583101e-01,3.787104833771989e-01,6.475222472322743e-01,1.006856807976429e-01
3.257114478972328e-01,8.694397857736050e-01,6.076003348490225e-01,1.041741809361494e-01
8.057889797751741e-01,7.497189090353059e-01,3.987754822702964e-01,3.667963325822709e-01
3.942387501682335e-01,2.721893001683938e-01,5.996444502843751e-01,6.823481482837107e-02
9.015486160766094e-01,4.321991132722232e-01,8.812316879077031e-01,6.748495617298640e-01
4.606516512393261e-01,4.716387998646306e-01,2.924317462800218e-01,2.244154816607085e-01
2.460712055890221e-01,5.767210277620335e-01,3.011688586795557e-01,1.260799132874608e-01
7.494431602533176e-01,4.801555012726018e-01,4.858657612865165e-01,1.924857959116277e-01
8.588659846498007e-01,1.333880080531295e-01,2.931714767092706e-01,1.845774320813722e-01
2.827793826734551e-03,9.007718115582931e-01,2.887516134831829e-01,8.086167736019086e-01
6.504907201279377e-01,6.875270957534794e-01,1.754131057185182e-01,4.472946983050996e-02
9.597163959218731e-01,7.750575564685546e-01,1.129642846588810e-01,8.612650115328212e-01
2.072566692751165e-01,9.941959725665841e-01,5.361145727970239e-01,6.679083209801039e-01
4.658347719655534e-01,8.285463195427071e-01,8.923238026408123e-01,7.119059775545755e-01
4.052673468390793e-01,1.934926608547068e-01,8.379858908420363e-01,1.547105066267357e-01
6.736481621273086e-01,3.238516521285529e-01,3.471963025383634e-01,5.325141463114480e-01
4.572396601816824e-01,6.403677792476340e-01,7.170915788584815e-01,4.600674540084170e-01
5.411395903402658e-01,5.843191876003143e-03,2.686842276103256e-01,1.916303100025422e-01
6.933702876294825e-01,4.440973333288437e-01,2.363597798330522e-01,6.530866830856943e-01
2.191548893317370e-01,3.493240644919333e-01,5.143516941528542e-01,4.264115590725148e-01
3.435200370585174e-01,5.046626648421691e-02,9.431987958695734e-02,8.093548090240708e-01
8.790125860269240e-01,9.866436822277698e-01,5.212607865786463e-01,2.842799324003421e-01
1.801363430824766e-01,3.592466769550213e-01,4.389904394927390e-01,8.537845052097852e-01
6.830983290835742e-01,7.861867420311024e-01,3.862986515212332e-01,1.403379892652566e-01
4.265545212787364e-01,1.033902299140534e-01,6.004054432736735e-01,9.676941116190022e-01
1.092334217900566e-01,8.690896708839990e-01,1.593244216215445e-01,8.026037094195391e-01
3.131870042128428e-01,3.956842014545967e-01,4.556903920395721e-01,5.323418935445798e-01
7.450082664121912e-01,9.700420861924263e-01,9.587534526170945e-01,8.852830300504728e-02
2.050835221098193e-02,5.307333173839065e-02,8.978831120291181e-01,8.995209387035672e-01
3.971701396616037e-02,4.191438981421031e-01,1.838008706382480e-01,2.198533570486369e-01
7.783905755627857e-01,6.227913101309870e-01,7.363786179276084e-02,4.614889041806985e-01
4.089780521620894e-01,4.599365133139940e-01,6.018268934459551e-01,8.355325734408259e-01
5.633267432280475e-01,2.022323367196286e-01,8.032266845941668e-01,6.725601650181041e-01
7.132200713796634e-02,9.625511062157113e-01,4.751638739719818e-01,3.845090113508091e-01
3.582353076703080e-01,9.308542660115540e-01,9.168509053610502e-01,1.032435736168379e-01
9.008963517383189e-01,8.756043575124836e-01,1.917718766218852e-01,9.214047044149621e-01
9.286776897165355e-01,8.965498818534193e-02,8.209256426528682e-01,9.683947036826959e-01
5.087988867931063e-01,4.726512825454824e-03,1.882480602656715e-01,2.871894618902306e-01
6.275178234221032e-01,2.618859220584323e-01,7.486783660709292e-01,3.649587511853123e-02
7.218224358380877e-01,3.505052595168842e-01,8.720284485593570e-01,2.851491786004739e-01
5.527375962365129e-01,6.752551326878625e-01,9.577093440842392e-01,6.240596033744792e-01
6.378062389035738e-01,4.328732175905599e-01,8.568614725288290e-03,9.960415465738818e-01
3.637274836021138e-01,9.254195200863385e-01,9.928511972505838e-02,2.646238348747715e-01
8.010238771331608e-01,2.910569963469435e-01,1.860285388240724e-01,7.297015663840349e-01
3.807119845322855e-01,6.954181011279198e-03,6.980962696010695e-01,8.895108713253917e-01
1.168069430239531e-02,8.863443298667411e-01,1.767003327499611e-01,6.391985177244984e-01
1.482302519251733e-01,9.253786992865516e-01,6.756943928430297e-01,8.700526877632609e-01
2.758839583377745e-01,5.477228409367254e-01,1.552018658980736e-01,8.286215545742873e-01
2.229779731589267e-01,1.129112095166516e-01,4.526811574831052e-01,8.607842120625006e-01
5.457844275728727e-01,4.612497722083935e-01,8.568257581707210e-01,9.095119111749864e-01
3.866692918290707e-01,9.561108778957794e-01,1.741357455840966e-01,1.876931689622315e-01
2.471678737770616e-01,3.601642848738303e-01,9.173947353462664e-01,6.278798587750084e-01
3.671184658851095e-01,6.154910049473359e-01,5.173907296347389e-01,3.787991601875048e-01
5.018353343484157e-01,6.940910628503613e-01,1.799767744634192e-02,6.500655862735890e-01
6.194697616712515e-01,6.936920702893715e-01,5.201182735711887e-01,8.953537200090260e-01
2.414149107604357e-01,6.753201399349236e-01,7.239752741176519e-01,4.643928843850237e-01
7.882313494515751e-01,1.766564311350959e-01,3.251770959818629e-01,3.340157765587865e-01
6.379062038091506e-01,1.820028541525839e-01,2.435276872681117e-01,2.457549517255998e-02
1.381137315827020e-01,4.176634333178696e-01,2.122686641347914e-01,3.852816058254249e-01
7.778277181916999e-01,1.296633994810578e-01,1.316146413477206e-02,1.449461836111481e-01
7.451544044283938e-01,5.305521937695109e-01,5.237453442643142e-01,2.469897383111481e-01
2.246432561542109e-01,5.417430217106561e-01,8.970553250503984e-01,8.441130178254624e-01
2.354350920000277e-01,4.171735981559258e-01,7.394667373688271e-01,4.768500027604634e-01
9.249373762518807e-02,4.634420110208178e-01,9.412428871454871e-01,8.807250875424245e-01
6.400984426215749e-01,2.664199831273500e-01,2.147408636355497e-01,2.780046459650642e-01
4.484228372799339e-01,4.582685513693227e-01,3.025801411376242e-01,5.865365688626359e-01
8.759319846871924e-01,5.148488057380769e-01,9.718181746880609e-01,6.537597024132310e-01
6.445122052191348e-01,9.849796388228329e-01,7.987058860243791e-01,3.896666091818672e-01
5.155318325923438e-01,3.224512298230320e-01,6.366563474930154e-01,7.401750887465547e-01
8.641942519993494e-01,5.337116720777525e-01,5.842881065720171e-01,9.962934353371586e-02
9.508852706993396e-01,3.237548434751829e-01,5.764793462941793e-01,4.337900785886636e-02
7.871968549616620e-01,5.177222334396663e-01,9.241040954012909e-01,4.272952971175757e-01
7.841422165670163e-01,1.388449590368406e-01,7.052999430826399e-01,2.325650533812889e-01
5.971135104061633e-01,7.880083754602859e-03,8.191016222439248e-01,4.730454946276944e-01
5.227288894926798e-01,7.909197969319857e-01,1.268051965752641e-01,1.672410942461533e-01
7.758994352891573e-01,9.255110825996432e-01,5.569077034280205e-01,2.914312674158399e-01
2.479623124226752e-01,1.935640509210360e-01,3.160635616239457e-02,1.121565639563634e-01
7.272757229987884e-01,6.158944627344117e-01,2.117859074900793e-01,6.781609932324667e-01
9.396493062095946e-01,7.882652537842585e-01,7.215400015569944e-01,7.268461607055954e-01
3.059874867582635e-01,6.456440964926240e-01,1.541414573575098e-01,9.012970285961856e-02
7.844890555294646e-01,8.594414004401497e-01,3.226947562409075e-01,3.816025654699665e-01
8.673214846604138e-01,1.417963784848323e-01,8.546480600976609e-01,3.900503736874323e-01
9.327161754168179e-01,9.814532566729249e-01,5.572914683992469e-01,7.086156102403139e-01
9.069643392725681e-01,1.141991713616062e-01,4.687765615381191e-05,1.549266512295821e-01
3.077632222826421e-01,3.165323381854838e-02,2.670832151859455e-01,3.503894528143059e-02
6.475476965529601e-01,4.788691226760247e-01,7.131999385138973e-01,5.871970022968934e-01
2.671343759946220e-01,4.347399396052304e-01,3.140431630024887e-01,5.731218632185467e-01
8.038403609785440e-02,4.681846203599985e-01,6.632515660781654e-01,8.648730916273190e-01
3.276260208001481e-01,9.859463227847342e-01,2.464756570972854e-01,1.949475049949007e-01
1.277427008039051e-01,1.011237167292851e-01,5.849978786823330e-01,6.045887575506180e-02
8.257697340221003e-02,1.422893466159186e-01,7.690744859953758e-01,9.895413126747782e-01
2.564885184431861e-01,7.691213636515296e-01,1.444679634386990e-01,5.642517407258282e-01
8.007745974700780e-01,4.115511786246445e-01,5.992906860072588e-01,4.483222935573767e-01
8.904203013006692e-01,3.124906245211561e-01,3.551929585427013e-02,1.575546768296299e-01
7.472305641263866e-01,3.495624588567589e-01,7.306765400481767e-01,8.276146002242409e-01
8.177470792167574e-01,3.939281061263420e-01,6.924876918515599e-01,1.453730995512442e-01
3.798744284454149e-01,9.389633489488454e-01,3.403206045461449e-01,5.076171292493200e-01
4.008706521246911e-02,9.253184836941392e-01,5.680760050043817e-01,1.226640386146791e-01
6.760782984439648e-02,3.371504905340962e-01,1.122053508237961e-01,3.240963482875825e-01
1.062718541856258e-01,2.566733142624951e-01,8.883480894790721e-01,9.070464516557039e-01
6.682244928871396e-01,4.876387750206696e-01,3.553687452130805e-01,5.586447937221475e-01
8.001293995418257e-01,3.908880410673507e-01,7.161994710174386e-01,5.473599636682123e-01
7.404504999241095e-01,4.468760105999541e-01,3.749745634267920e-01,5.581975786752056e-01
8.408041167262961e-01,6.746225481269055e-02,7.035706786921111e-01,2.206785447060496e-01
6.425603295874598e-03,4.389128277259473e-02,7.282956739553695e-01,4.651266897400499e-02
9.692097664667338e-01,2.963716784940901e-01,1.691767075886841e-01,3.681759631113037e-02
6.335221694938477e-01,2.813820588781415e-01,3.609139445987130e-01,7.397940236794734e-01
5.380553731406366e-01,2.492620336121237e-01,6.468404748695160e-01,2.062798660277761e-01
7.369008090984546e-01,2.209219616935225e-03,7.649246597499236e-01,5.370302081746190e-01
3.930972606842859e-01,4.811241303017010e-01,8.439017137716998e-02,1.335477601427342e-01
9.280001413673163e-01,4.593647352696232e-01,6.917453392836010e-01,7.688042576279511e-01
5.268269900823138e-01,3.953160175100509e-01,9.894828027996621e-01,5.332525938438496e-01
4.392073002826457e-01,7.177784762893703e-01,5.797652628178547e-01,4.084170667493796e-01
1.415015478346038e-02,7.489419704065388e-01,4.452346630605099e-01,6.476723242773080e-01
3.032402881901899e-02,8.061486076592228e-01,3.874663474911201e-01,5.683794024253168e-01
5.541064127134655e-02,3.430682189497483e-02,7.746592684530929e-01,7.923114503698011e-01
3.651604197757134e-02,5.395839277373552e-01,3.293416580787588e-01,4.296133026618573e-01
2.070805803905617e-02,4.137318299215901e-01,5.631610632702527e-01,9.487081994063725e-01
8.730965651912133e-01,2.549064020881925e-01,7.175124565686622e-01,3.999235548078658e-01
6.502224195982433e-01,7.069952589026630e-01,9.331761486517154e-01,8.942971941522775e-02
4.247737351920333e-01,5.129414110039088e-01,4.978467861646073e-01,4.389238899754937e-01
2.618833814104476e-01,9.430814492251172e-01,8.659621378714043e-02,2.922074102294666e-01
7.492300568843401e-01,4.740625612782606e-01,8.605868126547834e-01,8.046406981556866e-01
5.083693831732354e-01,6.352460806422150e-01,5.969521480598264e-01,5.448854251508067e-01
1.748300083795702e-01,9.262938061385853e-01,9.744987282783253e-01,1.955380664186264e-01
3.400256355945140e-01,5.376597910829167e-01,1.442462653593376e-01,2.131222003200660e-01
7.925661931711092e-01,8.617587219279998e-01,6.130457555935931e-01,4.427886123036913e-01
5.687539808306629e-01,5.462219037796473e-01,5.322183317189190e-01,9.935277160226962e-01
5.916331478355607e-02,3.006511788352631e-02,4.324516055325286e-01,3.210466961940037e-01
9.731465671086436e-01,5.190478193196690e-01,6.132541064234702e-01,7.223766235273222e-01
9.931103805979297e-01,4.738409190782537e-01,5.270173212173476e-01,5.014797633055038e-01
1.090869992548074e-01,1.239694688115127e-01,4.636518845631051e-02,2.839170076343775e-01
5.026327495009791e-02,2.086391626897450e-02,4.794550740530040e-01,3.902889105446120e-01
5.585237073518912e-01,6.237013394123415e-01,6.034111113303393e-01,3.510899000573391e-01
4.854600613403414e-01,2.164568664582711e-01,7.938785123610304e-01,5.421404170534296e-02
7.626787702379184e-01,3.260968436142881e-01,4.774175726237789e-02,8.218420850214745e-01
3.561619614978144e-01,4.801933627949065e-01,1.428887807498168e-01,3.293085286064579e-01
9.992411821145756e-01,7.561428876389483e-01,5.168515166811885e-02,9.923515622468440e-01
2.299838062515407e-01,5.787024733511277e-01,4.938313250866864e-01,3.390708055063480e-01
7.026719421626404e-01,5.401965135429969e-01,6.229878136063869e-01,7.529352171127383e-01
5.610604298119715e-01,1.024428871937296e-01,1.432241276573502e-01,1.195841366982014e-01
7.261442270717324e-01,7.466352389876895e-01,4.706740367555404e-01,2.116042879464125e-01
9.630921054459606e-01,2.645525486509095e-01,2.658183296517554e-01,7.257708752182177e-01
5.906493927308588e-01,3.135600869141333e-01,5.476129602396921e-01,9.468113542286732e-01
7.937534497090398e-01,6.905017409895089e-01,2.761198823694698e-01,7.929946313579542e-01
4.466446281627960e-01,3.278050345032499e-01,7.853461931391369e-01,6.766284344143366e-01
9.065075078543776e-01,2.791775177601620e-01,1.569923992068471e-02,6.091794495513567e-01
8.193740317688203e-01,6.386870535270717e-01,3.621146666640950e-01,3.804344611151305e-01
7.411299407208012e-01,5.053387943214452e-01,5.000185982789931e-01,4.672741673268723e-01
2.519740328434734e-01,9.706926350345335e-01,6.788784552732848e-01,2.150661378237727e-01
2.352451836854430e-01,9.446967849250403e-01,9.408370130419903e-01,8.258945764163018e-01
2.582568713735123e-01,4.884499728160211e-01,7.727059301793138e-01,5.201032061689083e-02
1.789517138055301e-01,4.882581254878352e-02,8.450049519748450e-01,6.255963419683260e-01
3.766308470520335e-01,6.303511446483205e-01,3.022247763826627e-01,2.831383544407498e-01
9.095286628741439e-01,3.179240163033474e-01,8.923178039921065e-01,7.289026941773028e-01
9.566110698304191e-01,2.544324701905402e-01,1.093371548267720e-01,6.977410100855590e-01
7.597712645119854e-01,6.093557531057651e-01,1.650151774124313e-01,1.174529688979746e-02
5.800483881402986e-01,8.438936326857160e-01,2.268114347135701e-01,8.152935718257416e-01
7.885904176107563e-01,1.676484477555605e-01,6.411881477763821e-01,4.684728851860728e-02
6.560984205715816e-01,4.138940774900345e-01,9.885760960115940e-02,8.350501343771117e-01
4.627198900388181e-01,9.438625615760045e-01,4.606464763454378e-01,8.393507370908515e-01
5.742137062243250e-01,7.628712527281005e-01,1.224890910659400e-01,4.837423686328076e-01
8.079526856578666e-02,1.480689505804651e-02,2.126450623444491e-01,3.740633793054444e-02
2.692393652485867e-01,3.219822171712212e-01,7.351473480161034e-01,2.901062976057205e-02
9.313379707426476e-01,9.001625254285347e-01,4.075592665036951e-02,5.113863584172849e-01
7.440561581142509e-01,2.675673618296009e-01,3.266799297773652e-01,5.326465752593459e-01
4.352158095851614e-01,9.678680775537473e-01,5.794938637779531e-01,9.131422969108179e-02
3.817621545781205e-01,6.783514733791125e-01,9.263643645338548e-01,8.444820450825998e-01
6.222140349551170e-01,3.870108404136313e-01,6.838327817077902e-01,1.964277407137806e-01
1.498820926760706e-01,8.063218732393914e-01,6.801701093465882e-01,2.306773612418572e-01
8.211287682974380e-01,8.928151716910373e-01,2.680836991724017e-01,9.036813308036333e-02
2.147973883965972e-01,3.231046722843799e-03,1.193787628409354e-01,1.461353586735834e-01
9.033935726170398e-01,1.601346899569662e-01,6.575217170908683e-01,6.474497302656294e-01
4.277020517865671e-01,9.842016468682334e-01,1.800963050593139e-01,8.629178613717285e-01
9.520697239563194e-01,7.595901688372670e-01,9.542320910628103e-01,3.338318785344399e-01
4.379416422163796e-01,8.805964551310038e-01,1.783139231513785e-01,6.015567670583524e-02
2.676072950789739e-01,8.621467048591686e-01,2.565834174196159e-01,4.174893877550445e-01
6.684685776328987e-01,9.367535267662040e-01,6.481667489969016e-01,4.895973454646754e-01
8.295686979915801e-01,9.162504481693033e-01,5.799654790107001e-01,4.436608592251599e-02
9.194814953578084e-01,6.993442418516354e-01,1.905014450617607e-01,8.228750675091869e-01
8.594789318086016e-01,8.480231621526290e-01,4.703247973091550e-01,2.871809831295074e-01
8.322248090208624e-01,6.504211023684690e-01,1.500988440355746e-01,7.842945325115205e-01
4.100112707400747e-01,1.043309350983849e-01,1.181264105802991e-01,8.479529129564543e-01
9.849273902293888e-01,2.964403337316776e-01,9.081085896622895e-01,2.525346853083626e-01
1.585870385908461e-01,1.646920066162441e-01,6.700240730634072e-01,8.270556162237449e-01
1.014455329167869e-01,3.181908220603088e-01,3.166529616884203e-01,9.310142309083670e-01
2.344412697639509e-01,8.966184406991202e-01,9.753803172965443e-01,1.539227646560980e-01
5.959626820850944e-01,1.658817618926436e-01,9.767978321652849e-01,4.554416138936959e-01
1.390492357961132e-02,4.471226290087786e-01,7.426225970232033e-01,8.461297326004736e-01
9.754373091158630e-02,8.927214415244392e-01,6.304242651119941e-01,5.075550021173223e-01
9.970523766228242e-01,7.485506756922932e-01,3.555079146081153e-01,9.819797663865517e-01
4.499100942397072e-02,2.636165042704048e-01,2.345144512292531e-01,2.035780480148169e-01
4.283085108866489e-01,9.045385247583215e-01,3.063366377290043e-02,5.297540442690971e-01
2.227293463529690e-01,3.472866254613207e-01,4.607682747118027e-01,4.571706161169198e-01
2.439050656947797e-01,4.361485915426857e-01,6.110933812386791e-01,8.398677482455353e-01
6.020303534353293e-01,5.878912129383027e-01,2.953093616735699e-01,6.159352774806020e-01
3.501384194708142e-02,3.793195823111197e-02,4.620650096154143e-01,1.325575728586677e-01
9.306533997555512e-01,9.248927426174715e-02,6.401125749759901e-01,9.277057759127141e-01
8.410399504197016e-01,9.956204900497666e-01,9.096855422992658e-01,8.860309598436723e-01
2.592369938545102e-01,1.441999930628575e-01,8.960900739282789e-02,6.875455047411591e-01
4.873851735551773e-02,1.202426711657283e-01,2.172995485445948e-01,2.714678637084867e-01
4.675292970927103e-01,6.780678237220589e-01,7.286384802910678e-01,7.114343627874899e-01
1.142164147990832e-01,3.397318610640856e-01,5.513021105673640e-01,7.162467687000739e-01
9.276230740023884e-01,8.466114722409339e-01,3.321820457150145e-01,9.626369159494699e-01
8.845434309377072e-01,7.942470553304288e-01,9.519448880813759e-02,8.151968302275970e-01
8.867363300578373e-01,7.353070637841276e-01,7.429026061403111e-01,7.277762800118776e-01
7.309275533682329e-01,6.525881479739156e-01,6.138072393898886e-01,9.901645472227431e-01
7.967881410367732e-01,7.034162467827165e-01,6.777100519639021e-01,8.455266588579522e-01
8.236589179484448e-01,8.950096005084969e-01,1.169945221007776e-01,2.911882145754938e-01
5.730774237648945e-01,8.456330023918455e-01,2.622577362983756e-03,6.872938390296389e-01
1.853648629902698e-01,5.539246879303478e-01,4.035406072640515e-01,1.129879369926583e-01
4.005361601712816e-01,7.357226529790659e-01,7.562485247646684e-02,2.850795906433275e-01
5.299697078438335e-01,1.708193412846044e-01,1.002764204052633e-01,4.167060374360094e-01
9.061264055343934e-01,8.431790265455744e-01,1.444823169822257e-01,6.370539584369650e-01
4.957671740538288e-01,7.582895563721143e-01,6.272185056597080e-01,2.925553150906020e-01
4.617058026891694e-01,3.049285571579489e-01,1.380819734828928e-01,2.853647206376143e-01
1.999381572007845e-01,2.550764955836705e-01,5.765529352131080e-01,7.730155814313402e-01
1.007094979755159e-01,5.791755125760918e-01,4.603094199953179e-01,2.860743609657858e-01
1.331002005064395e-01,8.638500272593694e-01,3.990622979584440e-01,5.336363606777211e-01
5.995726797727741e-01,4.746871509005721e-01,8.187159513210487e-01,1.295423871509463e-01
6.455064921851765e-01,9.189923717263119e-01,5.462484250526169e-01,5.516328972539086e-01
7.621713982718864e-01,6.907307420348426e-01,1.886868556908736e-01,2.579385718600539e-01
4.490202984069568e-01,8.159053613505817e-01,5.504938869506558e-01,9.107261010961263e-01
1.208339180428693e-01,6.885758604335486e-01,1.960908212680793e-01,3.207720752436538e-01
9.436523564828804e-01,7.726437569468486e-01,9.378765620933271e-02,4.436185399273497e-02
3.518192690572791e-01,5.540970762046507e-01,3.304362149585207e-01,4.849194695637186e-01
4.179471029983587e-01,7.294985133826261e-01,1.855582977577850e-02,1.751978230547150e-02
2.041856638175369e-01,8.372717810968271e-01,1.470621699220790e-01,8.496921560027134e-01
7.562641528231391e-01,6.933105949746959e-01,4.013250532566221e-01,5.184355506293641e-01
3.840413365438773e-01,5.900119089474957e-01,7.763741224894180e-01,8.330616349508342e-01
4.059172698324161e-01,3.268680094400738e-01,7.437877360469605e-01,5.267511878752854e-01
1.544386940796108e-02,9.398785573150397e-01,8.475232631189391e-01,9.590962258908414e-01
7.125223137962270e-01,9.413109197939331e-01,3.458079417915121e-03,6.434158285350612e-02
4.954079955329224e-01,3.338942948420971e-01,5.492610524172248e-01,9.133550989969424e-01
6.339280775906184e-02,5.678168826586646e-01,9.308748813024139e-01,2.675784715765987e-01
4.050886632898304e-01,7.793705075883169e-02,1.172706271136508e-01,1.613528156473082e-01
7.712476457335277e-01,5.185956803702729e-01,6.797883662766723e-01,1.552889822774050e-01
1.086075888521073e-01,4.561624887660902e-01,9.883506172282391e-01,5.145248586845235e-01
7.830304982061640e-01,7.321383528095383e-01,4.127604609414751e-02,7.984743676141250e-01
6.720169101245780e-01,8.887993096787479e-01,7.575705935049665e-01,3.845392234551437e-01
8.301102290070198e-01,7.610286729228817e-01,4.488808063086498e-01,3.255182240742809e-01
9.492296729931746e-02,9.981418591915359e-01,2.388733226055621e-01,1.583157750583793e-01
5.659587413845392e-01,1.697482039079760e-01,4.258942466349780e-01,9.710474046743696e-01
2.476852546668077e-01,5.431648742142902e-01,1.324002203216777e-01,1.893290040033539e-02
6.176055411890175e-02,8.121885865983500e-01,1.742218826777404e-01,1.703681434366704e-01
2.683510748987790e-01,1.625724994403182e-01,6.848930021211938e-01,5.138157263928166e-02
8.947108527155178e-01,7.261690486810026e-01,8.498559407190680e-01,5.667277623744346e-01
6.149683578940892e-01,6.074265337583733e-01,9.512669858295782e-01,4.450785864354477e-01
3.684552062155936e-01,4.001477921382281e-01,7.705968105097286e-01,4.633781739805723e-01
3.982896508641027e-01,9.470133115290727e-03,6.216939490389516e-01,9.642483922486419e-01
1.792183370232668e-01,4.758819567392962e-02,9.352957964573502e-01,4.269035916900745e-01
5.907530698882197e-01,6.769601631336659e-02,4.458364920904099e-01,6.525136240071215e-01
8.798846033773779e-01,6.200583747681502e-01,8.228817674437918e-01,1.482356778104956e-01
7.826308746741297e-01,5.077747695649857e-01,1.996172509154385e-01,6.773417269239862e-01
2.339438177803270e-01,4.947319116884526e-02,2.440694888327594e-01,8.489121756744162e-01
6.568997249272185e-01,1.953364741966764e-01,2.939907616442026e-01,2.535493067715081e-02
5.954842663349045e-01,6.458757168826999e-02,4.887331046577231e-01,9.937739171990072e-01
7.405770480356072e-02,1.104270536966748e-01,9.580223089819878e-01,2.532760418268274e-01
1.580152493706044e-01,8.933181054393380e-01,6.801796339825632e-01,7.487683192588241e-01
9.610141217527045e-01,1.260161256073118e-01,4.012819428002843e-01,8.408987246644212e-01
7.460745008411233e-01,2.241637102440762e-01,9.891344029405780e-01,5.287053750495917e-01
7.319384798090618e-01,1.887516533903552e-01,2.060471015079166e-01,9.658822975893888e-01
2.382248445592005e-01,4.501165903406761e-01,8.147944727981438e-01,8.951245694864191e-01
6.454530645373524e-01,1.087852339766851e-01,9.204795001635698e-01,2.409373308722569e-01
1.733728056649551e-01,4.092126048212930e-01,2.347112476056028e-01,2.474305109341771e-01
5.196396585179678e-01,1.927335565875906e-01,5.007065527610045e-01,6.776549078885722e-01
8.605166156126730e-02,1.808861862779065e-01,4.264232266817350e-01,4.706578284831055e-02
3.069023123508796e-01,8.277051694820193e-01,8.879645079783930e-01,5.297681272634157e-02
5.186887926043425e-02,8.770989104533097e-01,5.816821877759333e-01,7.838073590694961e-01
6.585056337800368e-02,7.877292892838499e-01,7.496896561932236e-01,3.040754079372042e-01
2.378458791588647e-01,5.644841285257061e-01,1.991999769579619e-01,8.832989436962171e-01
6.732693625023911e-01,1.196794766558704e-01,1.242362741028128e-01,8.466421686330076e-01
5.288920814771634e-01,3.589475221740769e-01,9.407267910152332e-02,4.853173952946986e-02
5.516810787616675e-01,5.947792318625279e-01,7.261866474180421e-01,6.377327403229348e-01
7.756654186060957e-01,1.526098736341157e-01,6.847985231712453e-01,8.256773049131395e-02
9.803150435817963e-01,5.727630306839770e-01,1.355445432176555e-01,3.218392237656932e-02
4.498619406716255e-01,7.172267309935888e-01,8.159912819117267e-01,5.157125040496292e-01
5.049560198117774e-01,5.656809376392891e-01,8.197879119868334e-01,7.428018989706421e-01
1.301650661649951e-01,1.898788847913402e-02,6.261008422011979e-01,8.034344286673862e-01
1.386673656006657e-01,7.503371167696720e-01,6.500765968347325e-01,6.675594470778291e-01
1.092846384780876e-01,7.441492759362558e-01,7.160911870729603e-01,6.609657172397551e-01
3.389285077987837e-01,4.422778340253410e-01,2.986984570970286e-01,1.145939259392181e-01
5.948877081251180e-01,9.834969802682739e-01,1.971616564305321e-01,5.752027512412531e-01
5.562600109522511e-01,3.327061996481876e-01,6.073866736178224e-01,6.121951158215269e-03
4.993293017611510e-02,4.233779550638879e-01,5.218344556735057e-01,5.548889499878925e-01
9.890588931688382e-01,3.416223671946779e-01,2.976908484928733e-01,1.192239588681720e-01
3.606102561394732e-01,9.237916906940712e-01,9.226583875355583e-01,4.992776217401389e-01
6.741288069980819e-01,5.727349843702908e-01,1.668370683523068e-01,7.834134454761694e-01
3.168842598408853e-01,8.829282554252671e-01,4.443791622502632e-01,6.558127676396690e-01
3.252060894506080e-01,7.430776193472918e-01,7.704066935788871e-01,9.200937975757261e-01
7.265745996155658e-01,9.675683500094192e-01,4.952965483513179e-01,2.828346101021555e-01
3.002745491919455e-01,1.026832215034790e-01,2.889565612603708e-01,3.502074793680606e-01
5.260611770330281e-01,8.107910169338766e-01,9.050964293559531e-01,5.151200697362051e-01
1.524133841285544e-01,2.027872773831651e-01,6.343440286043771e-01,5.130236402680276e-01
1.265789680772363e-01,5.570024156742740e-01,1.230126154250524e-02,8.007077750753182e-01
1.297373995789035e-01,1.791383298948120e-01,5.841212205514876e-01,4.466216598854501e-01
6.206658532007904e-02,2.850038233608957e-02,1.024344270594578e-01,3.872726747706871e-01
7.715780021490427e-01,8.728411211040062e-01,3.073664718807519e-01,4.981526012989472e-01
8.404094706477642e-01,8.026630202320698e-01,7.809872114011027e-01,1.406840198397096e-01
9.053462417355488e-01,6.994377219581221e-02,4.908914992077702e-01,4.314074183029157e-01
8.807347895953500e-01,3.959879285637233e-01,9.465274880391208e-01,3.314817325824321e-02
5.987752059468884e-01,5.808715161778366e-01,5.461718135262709e-01,7.253541740241247e-01
1.378739318521106e-01,5.584730750687761e-01,5.260619490994429e-01,2.676113314310142e-01
7.376114049635880e-01,1.101831691852692e-01,7.142329913164642e-01,7.996779902836672e-01
1.386835515213588e-01,8.166674188415833e-01,1.869506645886929e-01,9.102615536704015e-01
6.895085394799283e-01,4.943171364694448e-01,4.084141545036873e-01,5.299180096620312e-01
2.969801562358533e-01,1.894013654391288e-01,6.706020295017409e-01,2.023263979714021e-01
2.593451381006023e-01,1.614935287095111e-01,6.337338162743178e-01,1.400799272302910e-01
5.574814572732344e-01,5.802613043134386e-01,1.732281004885342e-01,1.562566627544615e-01
1.611328200256139e-01,7.193999140148051e-01,8.816108372442475e-01,2.990067518777245e-01
2.778729886179199e-01,4.076727858780291e-01,5.666180837743999e-01,1.548439311584662e-02
5.178559550632983e-01,2.808510746252030e-01,8.151623838651750e-01,6.565395065846571e-01
9.751849300112506e-02,2.113047988206636e-03,5.668010602550586e-01,7.870270324810534e-01
4.964301849233127e-01,9.752152147587460e-01,3.169450421430846e-01,7.934103411591660e-01
1.646165801978747e-01,9.875470716448255e-01,9.957367391305681e-01,4.239617182984770e-01
1.490405998886752e-01,6.294705554048859e-01,5.640416455287680e-01,7.065220571619095e-01
2.097318592526633e-01,7.372697460173022e-01,8.627787203820323e-01,3.708646792782772e-01
4.566696595664461e-01,7.443895571606185e-01,6.698714316216630e-01,7.345426481843659e-01
1.520623425729863e-01,2.364895149304017e-01,7.500270413002125e-01,6.699182976362846e-01
5.173405895556047e-01,5.651894246997262e-01,3.264578037552805e-01,6.148590830223910e-01
5.673024731535942e-01,8.932588640103390e-01,4.018861150377831e-01,6.373265761124559e-02
8.684740787690850e-01,7.188311571808677e-01,8.571429987704116e-01,3.309065850129848e-02
7.063782288256931e-01,8.528797379009797e-01,4.570523767997755e-01,8.554188287143684e-01
4.823502928402044e-01,2.109402186288220e-02,5.619408858762779e-01,6.920821520928676e-01
7.583637678801844e-01,4.247196057926489e-01,6.294683090548349e-02,2.150334269809692e-01
1.691091624876061e-01,7.328182625271465e-01,9.495760751653352e-01,3.211715050605924e-01
9.693077774575481e-01,6.996031159998863e-01,9.910898026968771e-01,4.866483670131528e-01
2.647925406996126e-01,3.175476059864962e-01,1.015074495698826e-01,8.320950138532067e-01
2.108064699968353e-01,5.033935646076657e-01,8.958276714644524e-01,7.928054830025907e-02
2.222247217885334e-01,7.529706697692027e-01,1.123712068015575e-01,9.286029506142265e-01
6.058504072045211e-01,5.694235836013330e-01,7.840217788629336e-01,8.820069957906412e-02
5.905176054642152e-01,3.459626642735501e-01,7.802828516719317e-01,3.488813728787384e-01
7.706822700661990e-01,8.432296830430765e-01,5.639147998597076e-01,9.397914325538052e-01
5.760479451045617e-01,5.134908745593815e-01,2.609629371487363e-01,5.453557225621100e-01
2.130939900936065e-01,2.520527393799521e-01,3.200408910960149e-02,4.778865307932191e-01
5.696003458321096e-01,1.335115386794841e-01,3.099815441807646e-01,7.804068158289449e-01
6.369051032871498e-01,2.058092151795557e-01,8.596873641292040e-01,8.591298250756831e-01
9.587798854144196e-01,9.720585709307615e-01,7.877327752242483e-01,5.646302921532794e-01
5.414821540664333e-01,5.717545540871818e-01,6.528309921980049e-01,1.319997590649872e-01
9.177172183607319e-01,4.331138434042753e-01,4.808811319437256e-01,6.883994884269310e-01
2.763435259816905e-01,4.479593133777190e-02,6.281909205150749e-01,8.523914715519135e-01
5.582868058971534e-01,8.891538581294725e-01,3.977471936483621e-01,7.713807959907599e-01
1.412065970437632e-01,4.297512827579636e-01,2.492673267839790e-01,7.108069428758728e-01
5.632628214374478e-01,5.592488709647436e-01,4.912137582391565e-01,2.001679242589362e-01
7.650580866099606e-01,3.509011219026992e-01,5.929774933461927e-02,7.238379715587189e-01
3.229596923677994e-01,8.470305245588676e-01,2.884682632463371e-01,8.644418464342327e-01
4.187850781803881e-01,9.412992554443419e-01,9.964416054992199e-01,3.365022965411201e-01
3.744130988486172e-01,4.773227369772842e-01,2.490178450238974e-02,6.507566248303077e-01
5.221186683150560e-01,6.530927050174645e-01,5.031480959165600e-01,8.040547374654816e-02
5.422465626812757e-01,9.008952895649222e-01,8.517862702029694e-01,6.834531601907001e-01
3.306465718572245e-01,1.010535965212870e-01,3.942601026009117e-01,8.939093932946722e-01
6.603024674860306e-01,8.854738613057295e-01,9.407731755360836e-02,4.253605536303299e-01
2.363749827427673e-01,1.533750668882276e-01,1.491985247233876e-01,5.593346755762281e-01
4.055909814339089e-04,4.376667884353859e-01,4.237765215447994e-01,4.191906696274833e-01
3.789660434140666e-01,4.202181270440193e-01,7.556929661686034e-01,7.533791422626838e-01
8.975408640213035e-01,7.805947506709932e-01,4.041357670929915e-01,4.196595323363596e-01
4.336874552227964e-01,9.072838630095514e-01,5.000650060829078e-01,9.759340183697334e-01
8.081791525744736e-01,3.518512758202158e-01,6.593871780947722e-01,1.388257239660368e-01
4.529048723415028e-01,5.364728023002263e-02,3.273511726070900e-02,1.132073398275335e-01
9.391211415357521e-01,1.268124348143174e-01,5.385678934578634e-01,1.754961242785193e-01
2.801875017025450e-01,6.877664186469122e-01,7.348307998547474e-01,2.805930926839789e-01
1.254332066166369e-01,1.586073209338855e-01,6.997837623114622e-01,5.043992500307035e-01
5.788254479779049e-01,4.554767280144043e-01,2.577783922933873e-01,4.763663119992084e-01
2.360714782197361e-01,6.619141593863788e-01,8.960258443355681e-01,6.697589339081939e-01
5.691980219302690e-01,3.960908499528146e-01,6.456929518122659e-01,3.773771740390813e-01
7.479421262386917e-01,3.050801294413769e-01,5.162028984707794e-01,2.008469981145332e-01
3.587274096713995e-01,5.489380157314884e-01,3.140543379420668e-01,2.978485512071515e-01
6.757504505458057e-01,8.526222318655915e-01,4.733446754856709e-01,9.559379522483507e-01
5.403886500468424e-01,2.081754748747570e-01,2.365310444666683e-01,6.658218566634794e-01
3.667827958086425e-01,9.363148072437918e-01,1.702211062285216e-01,9.456082442522087e-01
3.917915347925348e-01,4.279994985219089e-01,4.219745557857559e-01,6.278630134779322e-01
8.991365744262639e-02,3.180003996556627e-01,2.976219469204647e-01,6.591116798385567e-01
7.140912496084773e-01,9.433148987327306e-01,3.648885341197665e-02,4.620333753815076e-01
2.483950277084462e-01,5.526917518827560e-01,6.628803739617022e-01,6.071224373798456e-01
1.016297671485831e-01,9.769347119037689e-01,9.049709885869971e-01,7.773802176943888e-01
8.295569433036991e-01,3.783156636070067e-01,7.333181694770782e-01,3.699455928848803e-01
5.864911384817637e-01,9.698492144094077e-01,3.576744908269842e-02,9.532739347560676e-01
9.061640211875382e-01,2.059885557768813e-01,8.988821785426150e-01,2.979555555144118e-01
6.339880542987902e-01,3.208567338627096e-01,9.258185689923440e-01,7.239017122070779e-01
6.388571335183723e-01,2.234405154471474e-01,3.830133915799732e-01,3.529483826611882e-01
1.667554137142168e-01,4.195022449919499e-01,8.149817585083571e-01,4.151504414226629e-01
9.721939973403672e-01,4.778621320043980e-01,2.227287880250852e-02,7.382376402328897e-02
4.547968434425056e-01,9.272438673895057e-01,8.512039821833390e-01,2.843537867462047e-01
3.055595309965124e-01,5.845221511947560e-01,6.542993796310851e-01,8.920506694782762e-01
5.543713651385025e-01,6.900668291794447e-01,8.453246037686823e-01,4.605353858603795e-01
8.960553849563261e-01,7.442067818456360e-01,7.584909418404526e-01,5.300434387894549e-01
6.506351524268440e-02,6.843095103671353e-01,2.539451505308715e-01,7.039206487610566e-01
9.077500262799441e-01,6.369585421108448e-01,5.686903142224486e-02,7.450543952849947e-02
5.646078710279464e-02,8.718507899306019e-01,4.896558814168236e-01,2.865478397750053e-02
3.497129214693387e-01,5.119287602193322e-01,1.024785480007895e-01,8.045097649118443e-01
4.391726271431766e-01,9.536825301841285e-01,8.886355119238773e-02,7.447321581396890e-01
5.382046813788846e-01,7.431629312891340e-01,6.367828276179651e-01,9.257604605172577e-02
4.332297600029175e-01,4.821074309209862e-01,5.531114323777665e-01,3.292851444935823e-01
2.263142127666223e-01,3.116023737525578e-01,8.593285832830372e-01,2.913777280093067e-01
9.959118841196931e-01,1.132737338139088e-01,9.952983772360247e-01,9.036619099339759e-01
7.502322759247535e-01,5.216740819260823e-02,9.781673499281366e-01,8.066930630275482e-01
9.240181981232102e-01,4.678232308792990e-01,8.353478470050487e-01,2.737311191268876e-01
9.797519910986312e-01,9.378263954714995e-01,7.824088357307057e-02,4.189246177761464e-01
8.915089251899667e-01,1.671044352311196e-01,1.636567759158354e-01,4.297136061031900e-01
9.102673665202536e-01,8.004396035338005e-01,5.222896526205771e-01,3.434971260575099e-01
2.825470339891254e-01,7.540108453268236e-02,6.727822705510921e-01,5.088612467557477e-01
3.870034582852402e-01,5.321108533684681e-01,8.002389752307157e-01,3.829153419392721e-01
6.453845871823768e-01,7.955373520010790e-01,2.865772518732479e-01,3.956168631071303e-01
8.477047601936872e-01,2.647446013357233e-01,2.023099256690172e-01,7.717229578512362e-01
7.325678322150222e-01,3.765777267406591e-02,4.545407651246249e-02,7.123198228479921e-01
9.754841681455654e-01,1.236949600855331e-01,1.312444401584772e-01,8.669930928698709e-01
2.907993953166527e-01,2.949012160743127e-01,2.967066989730609e-01,2.010667613712450e-01
9.534081914245189e-02,8.189963515936380e-01,5.445638874287548e-01,3.778878535972386e-01
8.943974361263204e-01,2.173461575141857e-01,8.867491003529863e-01,2.814008939458993e-01
7.494570113483151e-01,6.869880751180407e-01,6.643162358851713e-01,3.948415980650306e-01
4.825254266534585e-01,9.508934877584192e-01,7.904584611721609e-01,3.302301863814845e-01
2.156380886284812e-01,9.927683873068394e-01,1.019531437670594e-01,9.482059208435034e-01
3.042615951524403e-02,1.474072202795219e-01,6.605257432258342e-01,5.910327195148136e-03
2.711021808307162e-01,7.917701838499728e-01,8.729034200650190e-01,5.619015761473689e-01
8.667139945862415e-02,1.696101185724186e-01,7.629683379842752e-01,1.820122190667373e-01
9.886064701660566e-01,3.075322249473688e-01,5.599000726639759e-01,8.830039058267157e-01
5.248783829272159e-01,4.466491725513009e-01,1.644047993069537e-01,2.743353938098696e-01
1.336372476693416e-01,8.287210356577863e-01,6.691769918749002e-01,6.161626743228001e-01
7.796145229505442e-01,4.596354530470611e-01,9.463928611699458e-01,9.952526120446867e-01
4.524038398882392e-01,4.834600447134394e-02,9.434585324225289e-01,4.828299994034833e-01
1.957532252165271e-01,6.039842756483631e-01,4.887403265986314e-01,4.668554060472433e-01
3.957544590326745e-01,3.616437461979891e-01,2.875698172895097e-02,4.824258584912987e-01
5.312538652360690e-01,7.917253197132262e-01,6.644380775580360e-01,5.198603349364643e-01
9.925754466059504e-02,2.243381497563506e-01,4.028642407631801e-01,6.241359275878109e-01
6.709873227733129e-01,5.672690400701338e-01,8.984713213976805e-01,8.046245704426545e-01
3.959900752622588e-01,5.676483128069194e-01,4.207872442997933e-01,1.756045982128031e-01
2.728376538831916e-02,3.671801050040778e-01,1.708572097918285e-01,4.796876052765583e-01
4.155261099410831e-01,1.143157417486961e-01,9.625176046800415e-01,6.112793351576101e-01
7.183000173970592e-01,4.512579308130117e-01,7.813474073919223e-02,1.140544759640724e-01
8.129016774766621e-01,1.068917224681432e-01,5.964803349210324e-01,3.441555422470698e-01
8.986170426470307e-01,2.609184120134070e-01,8.640158771835341e-01,9.978745873076257e-01
4.852565622354190e-01,2.668801174810529e-01,6.220105144297753e-01,1.562438845430705e-01
8.341491580168480e-01,5.204818353617945e-01,9.608684549857249e-01,2.301392328134455e-01
8.813014770305257e-02,3.816556988198569e-01,4.057438310262486e-01,1.154139135570330e-01
7.488358042895961e-01,5.766010408180771e-01,5.951015188335914e-01,1.643619137650178e-01
6.909167830324344e-01,5.576191235136330e-01,7.756412489226280e-01,4.092167999638323e-01
8.877053860983371e-03,8.537759896618202e-01,5.232712763935660e-01,8.217787313376455e-01
9.606677121299634e-01,1.197516108489370e-01,1.659342731190539e-01,8.592847543113328e-01
3.806700228623441e-01,2.995015030258808e-02,8.571593411532973e-01,8.659265850977630e-01
2.968302677836410e-01,4.791698551174113e-01,2.217046917517226e-02,1.309794253348277e-01
9.996516904792058e-01,9.830389241608972e-01,3.611186586139345e-01,8.778183818225835e-02
3.646946229807542e-01,7.668624896401830e-01,2.031957517392914e-01,1.135304268046890e-01
3.434635304582601e-01,7.982972705728827e-01,2.778923405697068e-01,3.438031302503325e-02
3.559163936208544e-01,5.353358902667350e-02,4.435971129888655e-01,3.647934479474991e-01
9.073095786884937e-01,9.668683893824315e-01,1.865721788194832e-01,8.679772903527959e-01
8.661999976570718e-02,3.525064524041984e-01,7.272620446641287e-01,4.672900230937125e-01
3.824566027067866e-01,5.844213853517647e-01,3.332166077258143e-01,6.792868704904276e-01
6.359124046917597e-02,3.553870773666478e-01,8.102662962909165e-01,6.324293048272046e-02
3.384260010618838e-01,1.713849544391897e-01,1.510247686649788e-01,7.031206240426380e-01
9.382474440793728e-01,3.542205204042702e-01,8.166510508473269e-01,2.817109740719716e-01
1.525177909771529e-01,9.454339095137240e-02,3.160912870970048e-01,5.084341845980074e-01
1.480769799780459e-01,7.596884005515316e-01,8.732276325455064e-01,5.538655820087835e-02
7.265567894683018e-01,5.979981136498964e-02,9.233638490193355e-01,8.131767896996703e-01
4.123062637691881e-01,6.506258932178030e-01,2.804668123277215e-01,7.947628664759746e-01
2.350472781039063e-01,6.136834200535358e-01,4.740497365007408e-01,2.986385185730823e-01
9.690704974201836e-01,2.843160323259961e-01,3.618814495214641e-01,3.074964984820674e-01
4.557009867651858e-01,5.129062181864429e-01,1.061712205904402e-02,3.939484308445586e-01
8.671267390563743e-01,8.272681733720322e-01,6.756594049165302e-01,1.964452956786590e-02
9.218115643234046e-01,9.917506924791963e-01,5.280787141658733e-01,6.988854430145050e-02
7.514390925650667e-01,4.013063467113797e-01,1.252751025023288e-01,4.779958815677072e-01
4.611061580763693e-01,4.863895105600308e-02,2.911726708017162e-01,8.734124218455573e-01
6.992648442738060e-01,5.716394831294378e-01,6.681752878558707e-01,9.343121228433736e-01
1.853229031829736e-01,1.422250238909503e-01,2.329506409507946e-01,1.543934001374959e-01
4.265410566826077e-01,5.948320904722587e-01,4.618898986195633e-01,8.822420434477934e-01
1.077383086587015e-01,4.725070211442686e-01,2.761904738266908e-01,9.748650477150758e-01
2.997751940506395e-01,9.518498792088823e-01,9.945095772829416e-01,2.215867579083828e-01
9.436005712224174e-01,5.225882909831536e-01,2.914753022098333e-01,6.950396633218228e-01
9.238946376945333e-01,4.167504051778235e-01,1.730355444238687e-01,3.850007953052413e-01
4.653893562338265e-01,4.642082156912462e-01,2.584132166851373e-01,1.646542005076325e-01
3.584769835502268e-02,9.265885045410081e-01,9.896632288534489e-02,2.211706015379963e-01
6.881352843195830e-02,3.319169638361395e-01,3.755640021411534e-01,4.953545851145659e-01
9.267490547740594e-01,8.374539007607167e-01,3.775966280966981e-01,3.448736296709970e-02
3.099609214393240e-01,6.537871023890502e-01,9.352410216514213e-03,6.097361154899635e-01
6.056369811322713e-01,3.861987033794628e-03,8.313228738640076e-01,5.492375518890272e-01
5.264502780169483e-01,1.227981756081796e-01,2.442772147451887e-01,4.503449157114816e-01
5.395485807860031e-01,4.173127591690574e-01,8.353457110167228e-01,4.937937019829609e-03
8.815209748603036e-01,9.375892770186017e-02,1.695921375274622e-01,9.173686736809875e-01
2.034743177720692e-02,2.685584604128071e-01,1.385392747533225e-01,8.916096020916521e-02
6.004754242489465e-01,5.141032768944759e-01,5.845155453237312e-01,5.272244785573448e-01
3.515571776551926e-01,9.621121738860906e-01,5.617118415244444e-01,6.615180990945166e-01
6.158992758094796e-01,5.710642517409587e-01,2.712542145844801e-01,2.215362564760895e-01
5.749262387747532e-01,1.025770879828264e-01,7.707738083651168e-01,1.013765167917016e-01
2.253752635910060e-01,1.505102264464415e-02,5.517214325031831e-01,7.649238448426704e-01
4.323637818137015e-01,3.870671430542447e-01,7.698617818625000e-01,3.138847566740051e-01
4.808260707561048e-01,9.394539193899621e-01,2.312534298893313e-01,5.011735029989730e-01
2.080123793371079e-01,3.697927046426538e-01,5.903344632081382e-01,8.084878035860545e-01
8.838959820027910e-01,1.748500085318694e-01,3.357122821433993e-01,2.354531591923224e-01
1.369621819522987e-01,8.974241236678437e-01,8.969712582868390e-01,7.528614577617783e-01
4.684883754088023e-01,1.682254724056579e-01,9.743977142378677e-01,4.341461371789435e-02
2.708025603884843e-01,7.451715221373232e-01,1.447911305095959e-01,4.961778244451516e-01
7.602225447819673e-01,6.965125630127790e-01,2.611016688221608e-01,1.925863261300075e-01
8.357970606702367e-02,3.096345021899950e-02,5.064710828040127e-01,5.644057768231284e-01
9.704173696089616e-01,7.377245126933439e-01,6.557927935644019e-02,1.784297484804083e-01
1.075172173359977e-01,6.559137430302397e-01,9.869175520664628e-01,9.914131993387887e-01
8.307637515621091e-01,3.226298337442008e-01,2.268663580654498e-01,9.677259335144078e-01
2.200539574120445e-01,1.238376158866275e-01,7.205873908105248e-01,6.885423328208469e-01
2.920630887579467e-01,6.949851045827312e-01,7.319569465387412e-01,5.628656491464310e-01
4.401566262543931e-01,8.767480775139984e-01,5.904347312592131e-02,2.003791705706991e-01
5.732606400611161e-01,3.201451419480821e-01,3.929654967007067e-01,6.568403461281398e-01
3.511085921670816e-01,8.994365799703805e-01,2.212461229512683e-01,3.215259613103820e-01
6.371610921980632e-01,2.868254023077085e-01,4.999557097907903e-01,7.446783095340609e-01
9.427391453379482e-01,4.868732618572532e-01,7.360915084071884e-01,7.735028964343960e-01
8.095030956014539e-01,9.629578664726381e-01,7.412288294831425e-01,2.955705254783716e-02
8.679548235926567e-02,4.618162198280060e-01,7.180993853686840e-01,3.788585711172123e-01
1.568013239450759e-01,4.500563319074252e-01,9.417242202636433e-01,5.969579501994690e-01
3.268044089557623e-01,7.676933895646098e-04,7.973371207701681e-01,9.000650490168784e-01
3.209128353376467e-01,1.903026174708747e-01,5.569053951450184e-01,6.720214279703896e-01
8.973919697559402e-02,7.781515180962866e-01,9.935473892807716e-01,7.269002891736572e-01
6.497691993833377e-02,4.935030990715619e-01,4.715785987077181e-01,7.716065276281939e-03
9.803763609288150e-01,2.076701066492452e-01,7.812189617106780e-01,7.898794560646077e-01
1.706279731218833e-01,5.224477911938205e-01,8.194365090781062e-01,2.574234554811490e-01
9.842640110218264e-01,5.375358939811289e-01,6.362820265983613e-01,1.410653349669023e-01
9.875922258885541e-01,5.780062463963433e-01,7.380232851663713e-01,3.143966343786552e-01
5.787739397859080e-01,5.353604059365393e-01,2.144616833955337e-01,8.996867755892159e-01
7.256630234074141e-01,7.713670785405520e-01,5.717082030939442e-01,8.154022203830081e-01
5.495185961711773e-01,5.652555919090545e-01,5.423025090910041e-01,6.144955161095110e-01
5.875869051495506e-02,1.388110733306087e-02,6.222115813857930e-01,3.913505097810880e-02
2.215512144479674e-01,4.034305430964709e-01,8.290145075083778e-01,3.921791875698507e-01
9.258783342902913e-01,6.484510161208227e-01,6.496026430509997e-01,9.101423448464565e-01
1.859869096362902e-01,2.858846691836997e-01,5.120767934769749e-02,1.735791355248444e-01
8.638909155800431e-01,7.892309649797301e-01,4.879757699034995e-01,4.426648553659510e-01
3.245913704506082e-01,7.024374532990332e-01,3.423516304895057e-01,5.025439339236095e-02
4.738045313739239e-01,9.140598335834499e-01,8.656566137753691e-01,2.332312707943987e-02
4.793154250268430e-01,4.079591224007118e-01,6.378186436546122e-01,5.380741160074594e-01
4.218402301994340e-01,2.600302245747439e-01,5.772091669855682e-01,6.433914446474013e-01
6.634607676712148e-01,4.062236740282847e-01,3.557063175159070e-02,5.893391014958448e-01
5.467468968344605e-02,6.851732748025904e-01,4.994814463423013e-01,2.406615997853976e-01
9.710579439862901e-01,5.506891256899988e-01,4.142407353102419e-01,8.349488591006718e-01
3.399200902040675e-01,9.022165052137414e-01,2.776137140009616e-01,6.645114606546757e-01
6.046539585127747e-01,6.199653444904673e-01,7.147658540470366e-01,7.845848942103725e-02
5.340251776082559e-01,5.804224673567444e-01,1.017816169661384e-01,1.334060263509890e-02
9.883815902231176e-01,7.396002606207506e-01,5.514147186425583e-01,4.102218199568902e-01
9.996304851954945e-01,1.286238851624652e-01,5.361326413863025e-02,6.630912528667092e-01
5.348475596564112e-01,8.918389589022095e-02,2.524303538968928e-01,5.895222493398573e-01
7.743571706928113e-01,7.519118002391941e-01,8.301838491252548e-01,7.454151142134402e-01
3.026009259291929e-01,2.444245839698355e-01,5.803639728484508e-01,6.425210161332604e-01
1.466410891835769e-01,8.579776873150736e-01,3.070324767879362e-01,7.512950476963516e-01
4.779430313398796e-01,2.179833036931154e-02,8.297535371173889e-01,1.196820894813547e-02
6.022207981917173e-01,9.315351540835273e-01,2.530881158323437e-02,5.906023879491735e-01
6.711354142386166e-01,5.767235302257927e-01,8.242074404024554e-04,6.707658994341110e-01
7.053474153882578e-01,5.443747157903270e-02,3.338571518351590e-01,2.401949745790078e-01
1.436213674692537e-01,5.862875057320518e-01,8.297172243845263e-01,9.179785381620650e-01
3.381993059712459e-01,6.599010730441199e-01,6.633936519098439e-01,6.408002319004388e-01
9.043256574796167e-01,2.437576242926333e-01,2.833212475680379e-01,5.096674619753228e-02
1.017353111420457e-01,5.903537243559741e-01,8.022617938938839e-01,5.796783429475866e-01
6.121520551909470e-01,6.320153305456113e-01,5.916465518957220e-01,2.143728529170029e-01
5.635504846291386e-01,6.169553634789564e-01,8.049752408661764e-01,2.346858984020939e-01
1.936788932390879e-01,8.057994483065789e-01,9.054517978362049e-01,8.990263086273458e-01
8.602369198856116e-01,2.393089492057026e-01,1.392212832063536e-01,3.858286889203958e-03
8.255964554034158e-01,9.689385075908800e-01,9.218368250512690e-01,1.637957609090003e-01
6.288395801693385e-01,5.852304764954516e-01,8.045959928094391e-01,5.331652371832939e-01
8.289881007880848e-01,8.791723991181573e-02,5.841319833808262e-01,9.307234123957918e-01
6.782709647334512e-01,3.863937768090487e-01,5.104017548777171e-01,2.904230194587368e-01
1.840910735466010e-02,1.020483063077779e-01,5.047958723757396e-01,5.819595919837987e-01
7.190036697867344e-01,3.097711127762548e-01,8.166454903858925e-01,9.126825630258222e-01
1.155705606171724e-01,7.220972882220975e-01,8.117088711875067e-01,9.758074805027840e-01
9.614062374278001e-01,9.509301543938602e-01,9.796657673919880e-01,7.870026923655545e-01
9.198686615190789e-01,9.015025919775956e-01,9.507984532745548e-01,5.487082416884174e-01
4.867330680073859e-01,7.553944456183326e-01,8.187347840605000e-02,3.157211683298094e-01
8.433116859958096e-01,6.660054622525374e-01,2.464445802599399e-01,5.215826502635994e-01
5.239923859592491e-02,7.568463351376571e-01,8.120056697223362e-01,7.080834595058502e-02
8.588946414454349e-01,3.168015416324146e-01,6.527679379343837e-01,5.778983107665080e-01
6.265726544086694e-01,4.694134283202763e-01,4.905808733266689e-01,7.421432150258418e-01
1.915107160767125e-01,3.022897445141756e-01,7.179506950629645e-01,1.529169530388512e-01
2.532198984423745e-01,6.976164619892913e-01,9.399196458700670e-01,1.730885599614533e-01
5.991190535012255e-01,8.907180986789605e-01,7.217968016498707e-01,8.585212104295013e-02
6.461125442972930e-01,8.036702800559207e-01,4.015732893727595e-01,4.894242298274414e-01
4.696757418427969e-01,6.480178700983608e-01,1.100687962537952e-02,5.220749809043831e-01
4.048642047703565e-01,8.230125493477157e-01,5.928833268549681e-01,2.637588462157915e-01
1.398140905144690e-01,2.456512647893518e-01,8.416571569822995e-01,7.663867449231384e-01
7.150646931096282e-01,3.322380303089684e-01,5.085299594833189e-01,9.065754091863406e-01
6.345277748231439e-01,2.264806540806222e-01,5.949236175953055e-02,8.877476732655185e-01
9.240971160699134e-01,9.994120076295976e-01,6.083623276131052e-02,5.232161691054777e-01
8.901301063085580e-01,7.826330344111813e-01,6.090682901484279e-01,5.362426501401899e-01
5.863033144671019e-01,1.064157905552610e-02,2.566687950196996e-02,5.597905584423759e-02
6.586594491538869e-01,3.667375912734948e-02,5.780540367486207e-01,6.352365392424336e-02
8.596863084750652e-01,1.709373636035888e-01,3.272825001400348e-01,9.995003989895342e-01
4.165886283929407e-01,1.689396566566730e-01,7.658871434470114e-01,1.316533210369075e-01
5.011776869656415e-01,2.744171024646690e-01,3.822872975758684e-02,1.357054613231241e-01
5.008977565452911e-01,9.772109151711739e-02,2.345313458864257e-02,4.249948721495433e-01
9.713309914671495e-02,8.428936734995310e-02,9.482110412550210e-01,9.872632054552730e-01
8.669224022267956e-01,5.572793309377876e-01,5.235058551298016e-01,4.532257162282363e-01
5.679209099933137e-01,5.491727346317715e-01,5.092047720724739e-01,2.265803591472005e-01
5.858464937591210e-01,8.725880882109460e-02,2.901040130714439e-01,4.455328017685249e-01
2.581961724246834e-01,6.173865132114787e-01,4.450332002923978e-01,6.747848008176242e-01
7.863261698681517e-01,2.109203432737479e-01,8.064381218545317e-01,2.875038568337931e-01
4.853374457384169e-01,8.446668516121185e-01,4.232093181569173e-01,9.862352022837080e-01
9.423879431292359e-01,4.466624527455598e-01,4.112300739675900e-01,3.952104181028951e-02
5.309518205611742e-01,3.594411147569498e-01,2.678424679990124e-02,3.978742223223086e-01
9.167204456947373e-01,5.502901019297028e-01,8.510999385505449e-01,4.846413552223897e-01
9.946283609581312e-02,3.603047101573575e-01,7.112217143695903e-01,6.853093298549342e-01
4.475635189784521e-01,1.325726975372865e-03,1.308421311577978e-01,7.057596914031355e-01
6.187122401868516e-01,5.758753314501956e-01,3.805444917550984e-01,4.050384100550033e-01
7.867956747239435e-01,1.869826131439687e-01,6.925422668887965e-01,2.721331199966991e-01
3.164946429042587e-02,1.157515845800525e-01,2.583683218147458e-01,9.740374078853230e-01
5.624140377912735e-01,6.695983957823358e-01,1.355844922995123e-02,9.336585788678650e-02
2.903951007362432e-02,4.034269649551376e-02,4.912400802090950e-01,9.457599557683617e-01
5.906327984252167e-01,3.423400182939786e-01,4.304013109907514e-01,6.900956349866910e-01
7.026447284513362e-01,1.416230248946804e-01,3.754049643759639e-01,1.502082474297882e-01
1.429487523357145e-01,5.062470959994230e-01,8.559679388329238e-01,7.616609925225661e-01
8.212242698395737e-02,2.365124305880221e-01,1.666994021119081e-01,8.689181021735622e-01
4.234950437319908e-01,8.592416690007046e-01,1.410512217046000e-01,4.551445084880779e-01
9.749932540464183e-01,3.994195439850071e-01,4.291819159077396e-01,5.374072913720307e-01
6.901793930168168e-02,4.427403651376908e-01,6.307731492588171e-01,9.805744984096729e-02
4.830830616332046e-01,1.220132290022509e-01,4.381740514366766e-02,7.371586005842121e-02
4.643532472962296e-01,4.742187161344191e-01,7.638114950451123e-01,1.669979752819044e-01
6.158417414947607e-01,1.392164589554148e-01,3.172062227116927e-01,7.587904938304753e-01
6.454635549548378e-01,1.731741615446164e-01,5.204514858873801e-01,7.275859824044565e-01
4.096865921326385e-01,6.871508884649495e-01,5.965040841123573e-01,8.331816358646292e-01
5.463925569999928e-01,7.375553058169574e-01,2.883261438870459e-01,5.213858105807500e-01
1.369748493363032e-01,7.175080597947855e-01,5.879310148711926e-02,2.059927891036462e-01
1.602484249324763e-01,6.895662507459364e-01,3.040502389446135e-01,6.433314865656810e-01
8.115794797481873e-01,3.478676440882811e-01,7.170473466241022e-01,2.759327265787556e-01
8.220863606883615e-01,4.808588412035530e-01,4.429307023263214e-01,4.379281017174609e-01
6.200753006246291e-01,7.601369250380140e-01,1.967185950822749e-01,2.655388551138056e-01
9.333110865826304e-01,7.171700809696550e-01,9.931248375182621e-01,3.429976782496076e-01
4.043209689689432e-01,5.896289211649582e-01,1.761793141142369e-01,9.507135264345974e-01
3.271842269819156e-01,4.645054580012827e-01,4.720993365496859e-01,4.641590763182189e-01
1.820135177960682e-01,5.308924385024665e-01,6.701518654218651e-01,3.422619427285445e-01
2.204586887827416e-01,9.742021043664786e-01,9.855934292942254e-01,3.203816853092898e-02
3.220697484547597e-01,7.026407759183276e-01,3.079708951096846e-01,1.441561086774599e-01
1.834996166562194e-01,7.509015974360060e-01,5.820842103949209e-01,8.035749172808485e-01
5.110385224740200e-01,7.788028054771958e-01,6.911377239465423e-02,4.443496085909892e-01
4.959728859811895e-01,6.223860944725508e-02,7.873472873062581e-01,9.002938554157940e-01
6.518675310778747e-01,9.635266014204950e-01,8.510073813847301e-01,9.790517580597903e-01
4.280320589561165e-01,3.231067174687547e-01,4.432108339123478e-01,6.100455767521847e-01
8.539991559712212e-01,1.133626993342129e-01,9.523075194807292e-01,7.445784475396287e-02
8.756480323503017e-02,9.379009487749548e-01,1.064960132848918e-01,4.096345516897899e-01
6.405417242276211e-01,4.144669083945764e-01,5.537906603672498e-01,8.240413408838405e-01
1.653685058305825e-01,1.358748702965094e-01,6.276162581646890e-01,6.764070283046025e-01
9.146776757737052e-01,6.967300305593433e-01,1.207566364299304e-01,4.106505617548947e-01
7.589686400065984e-01,9.081039237361885e-01,3.109444167050274e-01,4.108361706188117e-01
8.716305246910222e-01,1.619517976240962e-01,3.898879282129407e-01,2.996625836471387e-01
4.850585150928509e-01,8.330987625909497e-01,9.097081603993235e-01,3.390576710640721e-01
9.464614619251627e-01,8.620156798800527e-01,4.135155158180350e-01,3.402626469453157e-02
7.999166281893462e-01,5.200115291029268e-01,4.436608168499828e-01,4.404583519513059e-01
9.344784374975034e-01,9.974514772172326e-01,2.644996923694851e-01,9.984694286242450e-02
1.333263475137420e-01,8.921159505341741e-01,7.762539711670270e-01,4.800402282178589e-02
5.888459806278562e-01,8.970106080626187e-01,4.586545845766806e-01,3.478146206344546e-01
8.051145313331459e-01,7.695990012817080e-01,7.586507912532663e-01,6.767450560241681e-01
9.315507989058042e-01,1.485387194662069e-01,9.764076396713068e-01,4.166093139986551e-01
9.816374820571567e-01,8.861157996049690e-01,7.556669850627272e-01,9.280989435166581e-01
7.481314790193604e-01,1.691825004151009e-01,9.621252082111897e-01,5.480481067430452e-01
6.891940295180278e-01,4.057860245955112e-01,9.885064586943512e-01,6.236724665498699e-01
4.032375018127437e-01,2.530061510638362e-01,7.235194098779556e-01,5.365638493264857e-01
1.451221011323492e-01,4.997733805793214e-01,5.845678721482716e-01,7.339680822258666e-01
3.967839881762787e-01,4.322245672495219e-02,8.178270239465996e-02,2.018985195094247e-01
8.128214580066602e-01,8.404334936479263e-01,8.786435755335928e-01,7.443722569124644e-01
9.889722131141332e-01,8.550512147392385e-01,1.609815704454582e-01,9.706096947056286e-01
7.411670138785462e-01,9.166485555081855e-01,8.987086377566255e-01,4.892984928979066e-01
8.583105545762509e-02,8.608338459678152e-01,3.734659917529048e-02,7.750250849756529e-01
2.666198700976651e-01,2.585305786964160e-02,3.986975510598614e-01,6.698573719104087e-01
2.788592089334779e-01,1.222169604721558e-01,2.064212207712332e-01,4.239813100658270e-01
6.219903415171385e-01,7.909890933851661e-01,1.579493918260324e-01,1.877432922775593e-02
8.342115501101183e-01,2.397320942206923e-01,2.206728487371806e-01,6.470330076511172e-01
8.016558786861859e-02,9.931642380511221e-02,3.914052640979203e-01,6.913780051709051e-02
9.543676385443507e-01,5.523868345433784e-01,3.974749522271915e-02,6.955346524228969e-01
4.690353895859026e-01,9.384561329793446e-01,1.848331448551422e-01,5.548664450435278e-01
7.992899784814985e-01,2.221797440304327e-01,3.298915295535194e-01,6.590984857916360e-02
2.480328019000743e-01,7.285890810790421e-01,7.357672204895723e-01,5.268920108335521e-01
8.508060415511979e-01,9.421884417264669e-01,9.508733213650404e-01,4.727963826026751e-01
7.331775346459716e-01,1.088227127254115e-01,4.915707122960923e-01,5.673890842904286e-01
3.485548074117651e-01,7.122435610332729e-01,2.144220914758845e-01,4.287203952803837e-01
8.115599853040464e-01,6.058273560394660e-01,4.978581957974742e-01,7.659276233827358e-01
1.582141901171832e-01,5.376056910201934e-01,4.614622753399714e-01,6.272495801687471e-01
4.760618239995380e-01,6.462954201951135e-01,1.821160247466136e-01,2.753518020153752e-01
8.684751646912076e-01,5.120075547657942e-01,3.412616505945388e-01,1.165079661256205e-01
2.405966353791750e-01,7.702887108411122e-02,6.433999774248339e-01,9.140267646471163e-02
1.921731234491678e-02,5.942732983242131e-01,5.641990595330479e-01,7.523948469908884e-01
7.030960110496245e-01,5.576977136347898e-02,3.197839308156557e-01,5.165081799572838e-02
7.680133323967518e-01,5.342060222915401e-01,4.803712132761121e-01,5.795733172351371e-01
1.400333778653449e-01,9.782294095392476e-01,3.455009406178728e-01,2.982475684481894e-01
5.158351000937796e-01,8.069632159578443e-01,9.254971486169365e-01,9.918969240933176e-01
4.532586361529579e-01,1.076131728978889e-01,2.672487261086929e-01,3.217338003785041e-01
6.196207276636831e-01,6.085103767032318e-01,4.382417665041246e-01,8.602173630428581e-01
6.855392477873430e-01,8.164174346329725e-02,9.516200399732311e-01,7.047565601322597e-01
6.759150417875103e-01,5.158190990406177e-01,4.571514066574869e-01,3.790110528371348e-01
5.715888704040967e-01,7.769353374731426e-01,4.306618708328632e-01,3.396022023351873e-01
3.111413597646828e-01,9.110330845746366e-01,9.191755200359857e-01,4.511747376300277e-01
8.892624936482229e-01,2.646764601881972e-01,7.494223060782171e-01,4.050975932763413e-01
7.163967568038017e-02,6.749194542294924e-01,3.969945173696589e-01,5.248983118333380e-01
7.825326275930427e-01,6.642432434783518e-01,8.466321122118421e-01,4.021533547910645e-01
2.727536197159223e-01,2.848738787159668e-01,2.623707178339226e-01,9.582928679689267e-01
3.665156221792640e-01,2.139907573414923e-01,6.630494276355251e-01,4.243066396677432e-02
7.298098563821100e-01,1.202008342930120e-01,4.214417168039091e-01,3.013987263205455e-01
8.971361717661546e-01,8.521035876367723e-01,6.410009286557329e-01,2.082775310651760e-01
7.631366717457476e-01,5.601764482260572e-01,6.594522691608650e-01,6.523991649283092e-01
8.248529084142544e-01,4.088745747734209e-01,5.749675820465049e-02,8.964925845602958e-01
8.379402900291329e-02,4.544912755743094e-01,4.213908959279726e-01,8.663266565959559e-01
1.187345185870000e-01,2.680230081398147e-01,2.684800109213591e-01,3.914881383029223e-01
5.528968868557815e-01,5.308507287552816e-01,3.497810058061877e-01,9.194125090350456e-01
7.448414860967740e-01,1.283043344171272e-02,9.618431730018199e-01,4.746513420132228e-01
1.330312677347247e-01,3.832848893400677e-01,7.760500683337683e-01,3.016743903521795e-02
2.353884769768400e-01,4.170509969895012e-01,2.384449705660553e-01,9.985251487225877e-01
9.772274452155584e-01,8.978972397269203e-01,6.509243136508969e-01,8.020803536298128e-01
3.067718140346798e-01,7.084210718555474e-01,6.985729377244473e-01,3.905658430375931e-01
1.629123469641955e-01,1.199638331867586e-01,2.568924991678877e-01,2.816468655511955e-01
3.879868413265734e-01,5.253725105549081e-01,6.731350038541178e-01,9.408837281823548e-01
5.622323884452844e-02,2.291600966030546e-02,8.602962372174003e-01,8.010647254069637e-01
3.574644310201818e-02,8.221394097535589e-01,2.757160669545252e-01,1.687777108367429e-01
2.054242990936266e-01,5.176613528829354e-02,1.989451498719608e-01,4.408127760704666e-01
4.688171322777947e-01,4.373901204380161e-01,4.393379243273930e-01,4.460445770276918e-01
3.352873596992750e-01,9.026223751262866e-02,2.481249301918433e-01,6.420591741996161e-01
7.986833093681761e-01,9.466978679162906e-01,3.262501677154797e-02,9.615956563323717e-01
6.666170110304920e-02,2.895175164050970e-01,2.432425214179058e-01,4.546485424296225e-01
8.148900269600050e-01,9.163775257376849e-01,3.955322706119773e-01,8.711132658045335e-01
9.392935353979904e-01,2.558285073637164e-01,6.721779907458360e-01,9.750399785000086e-01
7.796791665161397e-02,9.478940581660225e-01,1.438176888710901e-01,2.833922157452405e-01
9.996601934543160e-01,3.427628387430510e-01,7.242049918157072e-01,4.684773252664494e-01
7.801529596467284e-01,1.635429161431002e-01,9.145219022941412e-01,1.154403188803421e-01
2.538051536557289e-01,1.626468324859845e-01,7.574994930799582e-01,5.248846302390493e-02
1.093446999366138e-01,7.901245103171675e-01,1.408411889061524e-02,1.760064010396629e-01
7.964202625660320e-02,2.573266407741823e-01,6.306549439349468e-01,8.945320532166082e-01
1.737041660462060e-01,2.618721408126280e-02,7.656453185554805e-01,1.129977009785351e-01
2.820157214449792e-01,4.378233093013164e-01,8.803767901288237e-02,3.599836380965932e-01
3.857173670016776e-01,2.318553678839725e-01,6.433758543074950e-01,3.853775599903322e-01
5.746182066270235e-01,3.675808456575409e-01,8.538548852567817e-01,3.547711658080905e-01
5.311237618006411e-01,7.683767870852616e-01,4.702114851540939e-01,7.849289159220312e-01
9.310236195712460e-01,2.277109777683909e-01,8.374173789459362e-01,4.036831950785980e-02
1.783548761989711e-02,8.515014978365514e-01,2.163747205475227e-01,9.747751387650032e-02
1.088281381450724e-01,8.470296644824695e-01,9.920095670931086e-01,2.825323041912784e-01
8.732168785637323e-01,7.576548856485891e-01,3.955300051698135e-01,1.552325995430502e-01
1.954781944842442e-01,4.835676841826959e-01,5.152162381053047e-01,5.811955614859218e-01
7.154230520666685e-01,1.585920919471384e-01,9.665731214762541e-01,2.900412586936919e-01
5.261729376046792e-01,8.204280062673743e-01,6.448124245017824e-01,5.729669940532031e-02
5.888047928869746e-01,1.150239091902151e-01,8.422256153273515e-01,5.198284124582206e-01
3.427348874242673e-01,6.796429938076264e-01,5.601967319660804e-01,3.605703750441644e-01
5.311444911785165e-01,7.765714525136033e-01,4.580478893863260e-01,6.399726297892503e-01
6.236011169960728e-01,4.500574560137733e-01,9.225049339805287e-01,4.968179950941438e-01
2.077123411967011e-01,3.180349391503422e-01,6.520505951028552e-01,4.031905356809453e-01
8.016026233330381e-01,1.672668327424987e-01,9.843860971668671e-01,5.170256753997066e-01
3.258589246896370e-01,9.509592181774598e-01,8.070669340933985e-01,8.520318622943163e-01
7.713872239791729e-01,4.518793581295197e-01,9.093285616996365e-01,3.601920168661475e-01
5.669032677853961e-01,7.515541765613268e-01,8.800204293243682e-01,9.096381552096634e-01
4.311971699032919e-01,4.402171608247874e-01,2.702085297881665e-01,9.623416615474697e-01
2.167886128727294e-01,7.282564191744926e-01,6.023142908710587e-01,8.403897298688021e-01
1.783138751882659e-01,5.248192243859261e-01,3.372077249629459e-01,3.860262163849670e-01
8.428541635362684e-01,9.892583200658012e-01,7.892167525315735e-01,6.444567868693065e-01
1.565251523426385e-01,7.736028492327793e-01,1.614824618033517e-01,4.823840770322755e-01
7.245620674102391e-01,9.685493958967503e-01,3.344159388609305e-01,4.959492909237506e-01
4.204287535606086e-01,2.437445005605670e-01,8.561413077898982e-01,9.873320213460047e-01
9.952986771218938e-01,7.361617366486051e-01,8.969701760900068e-01,4.264958470251857e-01
1.763788970077312e-01,1.671787058781733e-01,3.888375081069942e-01,3.931675103461219e-01
8.954351250526659e-01,9.911517989780529e-01,2.335572397492627e-01,7.374899977527047e-02
5.159710228983178e-01,5.707649647122086e-01,4.597752166258987e-01,3.588251864345862e-01
5.600232843123485e-01,2.489919686918109e-01,3.281972838231350e-03,7.165484366549870e-01
2.259481745892894e-02,1.647644346415831e-01,1.989325132216013e-01,7.471568848691680e-01
1.333138300726720e-01,5.333484525481931e-01,2.431061757929186e-01,5.537425836332807e-01
7.770929531087600e-01,9.924748311715549e-02,5.410746049792853e-01,7.723916297649925e-01
8.354092202314218e-01,4.380447806036308e-01,1.988874763245170e-01,1.178811677349178e-02
6.052234864818041e-01,5.877249844315112e-01,4.049556271196136e-01,5.006586115344700e-01
5.788767829439029e-01,6.385128673345376e-01,5.744076113097405e-01,9.484780584222069e-02
2.092778315810849e-01,3.418282746997794e-02,4.536729922768069e-01,7.693011163590947e-01
2.831747961617889e-01,4.569549651150382e-01,4.858495525484204e-01,3.057696140863791e-01
6.217193997566213e-01,6.847820662356829e-01,5.292649848988582e-02,7.550332298292933e-01
2.181305183182147e-01,2.960326742828044e-01,3.087758129969126e-01,9.952234714269748e-01
3.952801578656212e-01,8.498504179761980e-01,7.676151007263060e-01,2.306893776313818e-01
2.878951985798288e-01,9.665025775164844e-01,2.424774944048736e-01,8.931186850616329e-01
5.542275614823343e-01,6.474331219901485e-01,3.937772961304417e-01,1.331043444262372e-01
2.859459888590248e-01,9.681849079058436e-01,2.279521502684579e-01,4.952238204401098e-01
2.367734910160180e-03,6.816251425452647e-01,2.645249363335431e-01,2.855425315376103e-01
1.385801071946416e-01,7.503744893476249e-01,5.913121456239895e-01,7.602995069512629e-01
4.351565551176465e-01,6.442386441138753e-01,5.153327363148950e-01,6.532870734358612e-01
9.402713188623411e-01,8.241085493118077e-01,6.485105443971746e-01,3.355514762623010e-01
6.739589672880056e-01,4.161256446578194e-01,5.662408538936827e-01,9.618541658678345e-01
3.826282217086424e-01,8.087183482985564e-01,8.549728504638061e-01,9.368557836566380e-01
