8.401877171547095e-01,3.943829268190930e-01
7.830992237586059e-01,7.984400334760733e-01
9.116473579367843e-01,1.975513692933840e-01
3.352227557148890e-01,7.682295948119040e-01
2.777747108031878e-01,5.539699557954305e-01
4.773970518621602e-01,6.288709247619244e-01
3.647844727918433e-01,5.134009101956155e-01
9.522297251747128e-01,9.161950680037007e-01
6.357117279599009e-01,7.172969294326831e-01
1.416025553558034e-01,6.069688762570586e-01
1.630057162432958e-02,2.428867706297370e-01
1.372315767860187e-01,8.041767542269904e-01
1.566790892540846e-01,4.009443942461835e-01
1.297904467814557e-01,1.088088020257693e-01
9.989245180035590e-01,2.182569053109069e-01
5.129323944043984e-01,8.391122346926072e-01
6.126398325956612e-01,2.960316176973430e-01
6.375522677030192e-01,5.242871900667843e-01
4.935829869907270e-01,9.727750238835695e-01
2.925167844130270e-01,7.713576977939148e-01
5.267449792133388e-01,7.699138362751873e-01
4.002286220901779e-01,8.915294520051822e-01
2.833147460051415e-01,3.524583472648907e-01
8.077245200088827e-01,9.190264739650424e-01
6.975527623191256e-02,9.493270753646861e-01
5.259953502221011e-01,8.605584785624214e-02
1.922138459944231e-01,6.632269270081198e-01
8.902326025488938e-01,3.488929352485076e-01
6.417132078864207e-02,2.002304886468828e-02
4.577017372742769e-01,6.309583832653977e-02
2.382799541755952e-01,9.706341316786754e-01
9.022080734848082e-01,8.509197867712563e-01
2.666657493760184e-01,5.397603407221662e-01
3.752069763723793e-01,7.602487363667454e-01
5.125353641400744e-01,6.677237607854063e-01
5.316064341606602e-01,3.928034335341320e-02
4.376375965949323e-01,9.318350562508382e-01
9.308097953585953e-01,7.209523430657351e-01
2.842934030500676e-01,7.385343149018168e-01
6.399788165651163e-01,3.540486797476414e-01
6.878613902665029e-01,1.659741663215561e-01
4.401045276038835e-01,8.800752362609260e-01
8.292010933296760e-01,3.303371296871161e-01
2.289681710437723e-01,8.933724145839793e-01
3.503601785518043e-01,6.866699083180492e-01
9.564682529105192e-01,5.886401331930609e-01
6.573040395310633e-01,8.586763259296661e-01
4.395599194986559e-01,9.239697889070817e-01
3.984366666518322e-01,8.147668963366965e-01
6.842185252738271e-01,9.109720307919067e-01
4.824906566564416e-01,2.158249589688261e-01
9.502523741453198e-01,9.201282537170352e-01
1.476600147540029e-01,8.810621695039152e-01
6.410805963171090e-01,4.319534182697318e-01
6.195964839400707e-01,2.810594124165640e-01
7.860020980173732e-01,3.074578737409124e-01
4.470335792037815e-01,2.261066251555954e-01
1.875331095361771e-01,2.762346720677962e-01
5.564437553083728e-01,4.165012805799494e-01
1.696070861861143e-01,9.068039338601771e-01
1.031711884323373e-01,1.260753390966334e-01
4.954440665875767e-01,7.604752284290619e-01
9.847516650262995e-01,9.350039865518939e-01
6.844450168704823e-01,3.831883312124705e-01
7.497708824229291e-01,3.686635416786482e-01
2.941603620043771e-01,2.322615386137094e-01
5.844885006474743e-01,2.444127356840357e-01
1.523897918650833e-01,7.321485158671385e-01
1.254749047222896e-01,7.934703881821923e-01
1.641019336712090e-01,7.450713891280216e-01
7.452980059875632e-02,9.501040316885822e-01
5.252926240327268e-02,5.215633798025378e-01
1.762106563785163e-01,2.400623724051110e-01
7.977980518703340e-01,7.326544116868891e-01
6.565636529850605e-01,9.674051385221095e-01
6.394583455470663e-01,7.597348418830591e-01
9.348047715308166e-02,1.349024116689816e-01
5.202100698464597e-01,7.823214171371988e-02
6.990639775521419e-02,2.046550862512808e-01
4.614204733918516e-01,8.196772801781433e-01
5.733186283955903e-01,7.555808353962288e-01
5.193881879185271e-02,1.578071285774033e-01
9.999935710802644e-01,2.043286106569360e-01
8.899556444445419e-01,1.254684758025540e-01
9.977989993047895e-01,5.405757765008955e-02
8.705398649305757e-01,7.232879943788462e-02
4.161608873010431e-03,9.230691273338484e-01
5.938921792404224e-01,1.803722657171880e-01
1.631314992732981e-01,3.916902306450951e-01
9.130266774040771e-01,8.196951527240198e-01
3.590953687015433e-01,5.524850224854820e-01
5.794299941414176e-01,4.525758458546250e-01
6.873874346201250e-01,9.964006352221597e-02
5.308079880340062e-01,7.572938323753392e-01
3.042951497734968e-01,9.922284614258579e-01
5.769711125534824e-01,8.776137781690870e-01
7.478092963564253e-01,6.289099313453351e-01
3.542090674649035e-02,7.478028669710285e-01
8.332385420022712e-01,9.253765511910322e-01
8.732713427735824e-01,8.310375408413995e-01
9.794341293067830e-01,7.438112072384968e-01
9.033663402792841e-01,9.835957381797935e-01
6.668803345723452e-01,4.972585190540452e-01
1.639680034313202e-01,8.300118338456433e-01
8.889487501648016e-01,7.699468083539730e-02
6.497069861040018e-01,2.480441184006837e-01
6.294797033208793e-01,2.291369797797580e-01
7.006199647209700e-01,3.168671374753430e-01
3.287770433019740e-01,2.314279522893149e-01
7.416096985068217e-02,6.330721935411320e-01
2.236564132495115e-01,6.511320824041646e-01
5.106859712445577e-01,9.714657096059368e-01
2.800420132838385e-01,5.461068779910481e-01
7.192685761113039e-01,1.132805548204484e-01
4.714834291820803e-01,5.925399188848864e-01
9.443180961275092e-01,4.509175580232020e-01
3.363511256577220e-01,8.476844359411320e-01
4.345132957373342e-01,3.231459764405834e-03
3.449429549951772e-01,5.984812996343157e-01
8.332432940757104e-01,2.338917046943175e-01
6.754759804697130e-01,4.829502797140509e-01
4.819358230950012e-01,3.049556833249311e-01
7.120872599594701e-01,1.825557873503099e-01
6.218228212659354e-01,4.086430279578283e-02
4.139837396396248e-01,6.959837911166176e-01
6.739364963369149e-01,6.376401528891363e-01
3.471158730551209e-01,1.846224675814726e-01
6.091058620294117e-01,6.271578863389594e-01
7.307293455725207e-01,3.283744381407157e-01
7.404384411594078e-01,2.022127742889397e-01
9.209143570256021e-01,6.847565368212557e-01
6.531303323121417e-01,2.572654822176627e-01
5.324409727623877e-01,8.764362804947590e-02
2.604969424477299e-01,8.773839277575649e-01
6.861249276837916e-01,9.374023605777893e-02
1.112756319862211e-01,3.616009076878433e-01
5.766905157718297e-01,5.932114550812223e-01
6.665565910127743e-01,2.887777752656386e-01
7.757672428971936e-01,2.883794118130484e-01
3.296420785270827e-01,1.897509820711571e-01
9.843632029296659e-01,3.578574398336268e-03
8.273911354259547e-01,3.314790755191255e-01
1.882010419798089e-01,4.364969969897051e-01
9.586369618580849e-01,9.189303880179908e-01
7.648714351304208e-01,6.990754030174927e-01
1.211431618412692e-01,6.857857916903616e-01
3.838319393730871e-01,7.742734946190721e-01
9.430512743736856e-01,9.162729121354748e-01
8.619171226685480e-01,2.035482163557542e-01
7.936568394273784e-01,5.480420498866784e-01
2.972884524135331e-01,9.049324714135996e-01
9.096429575745216e-01,8.739789681853628e-01
4.981439264948219e-01,5.761995481216347e-01
1.627567434510015e-01,2.739111689263541e-01
8.645789604003443e-01,4.923988219780842e-01
4.636621509975112e-01,8.489421628643490e-01
4.959773963764205e-01,2.910532859578046e-01
1.804212383834744e-01,6.841784388218906e-01
7.275502834131710e-01,1.390581997758980e-01
6.031088263742201e-01,4.924217180779305e-01
8.381336027933907e-01,7.242519882154893e-01
1.782075097682921e-01,2.219655421664778e-01
4.985254823689002e-01,1.212587836763164e-01
1.382384538362913e-01,3.604426045717870e-01
3.248070000320706e-01,9.318952937293310e-01
9.084846544584654e-01,6.220954524456036e-01
8.368277646772693e-01,8.181276115673257e-01
4.960744201653052e-01,3.349716907064298e-01
3.943271596889604e-01,6.588311636163067e-01
6.088828596327840e-01,2.589061196236434e-01
1.512299851287296e-01,7.254501063029516e-02
1.078482820223310e-01,6.472073819708114e-01
3.635982965880997e-01,2.882695204058054e-01
3.313858203270407e-01,9.114857953560938e-02
4.273277206473647e-01,9.344946467012608e-01
5.835702980792011e-01,2.654613229750941e-01
6.587466344510888e-01,7.617778078474933e-01
4.874268651415719e-01,1.572721168199890e-01
8.830365915238096e-01,6.256653194435245e-01
5.177147213917760e-01,2.078435910902189e-01
5.575606127071943e-01,4.261993758502413e-01
8.299390435358226e-01,3.943883769188022e-01
2.443269869519058e-01,3.260134632354665e-01
7.293600680908934e-01,6.386541466408662e-01
9.848446273174345e-01,3.382429272580160e-01
8.975602662645096e-01,1.360746119805028e-01
4.107879378883112e-01,5.408548286840575e-03
7.832819939513141e-01,7.743862349420721e-01
2.936780686926460e-01,1.146678138126935e-01
8.655348144776815e-01,7.210057893400107e-01
4.916246004829298e-02,4.491051120912214e-01
9.864671127807662e-01,7.079090949650431e-01
2.108829194730534e-01,4.738939774566768e-01
8.651812117850320e-01,9.391951053120173e-02
9.955929643453998e-02,3.828959327111467e-01
3.017631016214206e-01,6.571199091417342e-01
8.090953085613881e-01,1.317021446915819e-01
5.150828606053642e-02,5.342229551329385e-02
4.577156083927097e-01,7.808683541514297e-01
6.920764421541600e-01,4.425602352444828e-01
1.191112809437845e-01,5.896367084186696e-01
5.786348472249856e-01,5.298992192977570e-01
5.950452567055101e-01,3.619168411762998e-01
3.042854537741679e-01,8.887233253981561e-01
4.765846549889933e-01,1.698202677861882e-01
6.097291147381668e-01,5.257471155029475e-01
6.189253803430709e-01,5.961962270532717e-01
2.336562100023293e-01,8.298082998161243e-01
7.009020404428719e-02,9.883742132170006e-02
9.237278108129873e-01,1.696495009444884e-01
4.817333540328468e-01,2.254909119687467e-01
8.267694100862226e-01,2.908286625942349e-01
3.571930571259899e-01,8.782776961467591e-01
3.442509581075287e-01,8.149086655186996e-01
6.591460498325276e-01,3.632739979602741e-02
2.574689002975211e-01,7.782573312419734e-01
6.259641082146969e-01,8.361037475225067e-01
3.081565500740691e-01,2.210093644545457e-01
1.980205882331452e-01,6.124420038482370e-01
1.097326898527018e-01,6.746052436877997e-01
7.822622716344252e-01,7.194618045908687e-01
2.003523587250860e-01,4.011876515118348e-01
3.156580311784791e-01,4.340085687274153e-01
2.309959513279591e-01,3.857482352227663e-01
5.328459900491154e-01,1.547237616752851e-01
5.553977361672547e-01,1.457934361630089e-02
3.802146736440317e-01,3.821671462534774e-01
3.054080062105358e-01,7.374077307700215e-01
2.604448419345752e-01,6.496589643180645e-01
5.523163958230598e-01,9.195908922327640e-01
6.859863645797531e-01,8.097852961205809e-01
6.978482230090761e-01,3.119504723287888e-01
6.458890436430876e-01,6.004772617483872e-03
5.329598372489959e-01,8.439096318762329e-01
6.184467764657209e-01,6.426925271016977e-01
5.185148750983714e-01,4.007090476344847e-01
3.621543312269050e-01,7.188672338234574e-01
8.018966996119808e-01,6.778123624053841e-01
1.528758020852114e-01,3.289265047427856e-02
6.356059716248913e-02,6.857217921343268e-01
1.876164121495636e-01,6.189583337954051e-01
7.003011362162890e-01,5.678310857935953e-01
1.125479583221245e-03,5.709141961163441e-03
3.052388165636169e-01,2.615703215177964e-01
6.553681067448892e-01,8.575552123866766e-01
1.811612132848991e-01,3.413544708589811e-01
6.673405085072576e-01,8.790094362939752e-01
6.533049431877700e-01,3.132295516846839e-01
8.850142089114591e-01,1.862647799711045e-01
1.571391830952555e-01,5.034609849115186e-01
8.289573070728021e-01,6.756540586592882e-01
9.041700330116647e-01,1.911116378340459e-01
3.945212920170842e-01,7.060667321579842e-01
8.689240002394300e-01,5.473970945679569e-01
7.389593826322627e-01,9.324845978675804e-01
2.331188862366224e-01,9.265757947818264e-01
5.514429311973242e-01,9.334200224529113e-01
4.944068801097604e-01,5.525684107805455e-01
9.391291648797361e-01,7.996456966733773e-01
8.141387322983419e-01,5.944972711589640e-01
6.572009090600539e-01,9.952999460489024e-01
9.358517420179452e-01,3.245414171016502e-01
8.743093818772162e-01,5.891566847400538e-01
6.377709687863341e-01,7.593235907886753e-01
7.754214651768195e-01,7.949101518815896e-01
2.627845752345326e-01,6.043787717839604e-01
4.705642100752165e-01,1.669546077805360e-01
7.954904100836676e-01,8.650855025579620e-01
8.730213399385202e-01,6.644144098574363e-01
4.124825966602576e-01,6.119807221051216e-01
5.968990072593554e-01,6.456014828968800e-01
5.385565164212867e-01,1.483419379910184e-01
5.790215053497914e-01,3.296339653104702e-02
7.009103487715639e-01,5.181506697638661e-01
8.326090932044243e-01,5.150490810699058e-01
1.126479404571689e-01,4.898100017988170e-01
5.103490266531469e-01,4.849968200945281e-02
8.143514189004671e-01,3.846584080647018e-01
6.376563667495067e-01,4.521223872211400e-01
1.439819983877158e-01,4.130778314606649e-01
2.470325391027297e-01,4.067665740879097e-01
1.745660324462531e-02,7.175967491779461e-01
5.737211818684457e-01,8.129470133282929e-01
5.826822512702468e-01,4.467425218069658e-01
4.773614227200679e-01,9.951648479305044e-01
5.872324344642611e-02,7.426042997942327e-02
6.407663308273844e-01,5.972797603333740e-01
2.226023679704416e-01,2.197878357115145e-01
6.302431568644210e-01,9.235127172076668e-01
7.379385054753806e-01,4.628522496031841e-01
4.385617978119113e-01,8.505864459325496e-01
9.526622518676623e-01,9.489108244650581e-01
8.990861279420025e-01,7.670136703024683e-01
3.335692320640987e-01,5.367424942258477e-01
2.191360575236082e-01,4.775512309174758e-01
9.498203261521739e-01,4.661685966263379e-01
8.843178050053855e-01,9.672769293967992e-01
1.837653453386227e-01,4.580389864081699e-01
7.802239422594308e-01,7.664475970745308e-01
9.047815082151357e-01,2.575853645138375e-01
7.616124445393739e-01,9.635047521272231e-01
3.318457944932607e-01,4.023787749010971e-01
5.607845119949358e-01,5.544481629293636e-01
6.221666106126116e-01,1.910276683936956e-01
4.779608796713691e-01,3.601051156223310e-01
6.538799179968796e-01,9.165226774832805e-01
2.106915610892193e-01,6.065421693988806e-01
8.654335014826774e-01,1.097776885655605e-01
3.735558397013489e-01,1.990027330811148e-01
6.465201832570695e-01,5.926918972249571e-01
6.765539639985906e-01,5.963405089435821e-01
5.886049338563368e-02,5.608717685383148e-01
5.636174378747202e-01,2.426258387242564e-01
1.891075494648458e-02,3.438413796684898e-01
9.073435333125962e-03,9.236922631616202e-01
6.014267441823272e-01,7.706858803381612e-01
8.871970148231820e-01,9.332725391412492e-01
1.730646547735970e-01,4.479815263524565e-01
4.877207016049515e-01,7.952312658518699e-01
6.390091947461521e-01,9.656815812763206e-01
1.553363810085395e-01,2.928891127430318e-01
8.822042582939399e-01,3.660279425634201e-01
8.994312821419124e-01,7.476377593109560e-01
4.758056311289806e-01,2.729871213776000e-01
9.466404923920708e-01,1.223258139203888e-01
8.656790186025570e-01,6.231944563906614e-01
7.186663228639710e-01,9.245395119881907e-01
1.840662244633149e-01,2.822837602730299e-01
1.671653507124471e-01,2.029769794097994e-01
6.261251399415196e-01,1.762387860455731e-01
1.266692425714197e-01,2.275518841238468e-01
9.469246663837343e-01,1.386625692894042e-02
1.608244227994347e-01,1.199893211573313e-01
4.618477837470583e-01,6.485451244043862e-01
9.152205870092011e-01,1.008569780275491e-01
6.142267052150456e-01,7.055696755207934e-02
3.937460907705809e-01,4.964309630433242e-01
4.365849101154995e-01,2.931773729124932e-01
2.440687218886189e-01,9.123905417101413e-01
5.661644942900932e-01,1.907092138150284e-01
3.471635516486892e-02,4.318435128926502e-01
8.139036702056898e-01,7.533826784945012e-01
3.563830244151796e-01,9.979698951346659e-01
3.566643830186987e-02,5.235483751276268e-01
2.009468740788041e-01,6.617915787090508e-01
6.997871616388611e-01,3.276161166502238e-01
8.893434628328977e-01,6.467118275569341e-01
3.414823740448255e-01,5.016788516667108e-02
7.667011487142654e-01,8.033301577918838e-01
6.987130095710573e-01,6.819217352578052e-01
9.041871358194329e-01,3.129397143204416e-01
7.524787032755458e-01,2.979332265900137e-01
8.093706773637658e-01,1.890636129253840e-01
5.911105995025070e-01,5.343939878672333e-02
1.014541541698641e-01,1.572750933269388e-01
2.441486126017517e-01,1.361705098003943e-01
5.891186062195891e-01,5.805228280744156e-02
8.895531882948955e-01,9.455016311004300e-01
5.602217747644623e-02,9.252196265967654e-01
4.690500057623955e-01,2.569690515552503e-01
5.870112048401549e-01,1.688371669355953e-01
5.845851686711354e-01,4.763546672073913e-01
8.155489949581907e-01,9.260675427159609e-01
5.265225523740624e-01,5.822501432067948e-01
7.293977000421834e-01,2.252355614794584e-01
2.641718784646000e-01,6.335848353959549e-01
5.381752757999000e-01,1.665058127448455e-02
9.315180619859686e-01,3.475459526980044e-01
2.057141941998686e-01,5.226286610228142e-01
4.009853514847277e-01,3.071683488353940e-01
6.799037548154144e-01,6.451339645521408e-01
4.433388586357883e-01,2.690223605693422e-01
7.031862473595824e-01,3.328920464650225e-01
2.145239912041109e-01,7.592084248360286e-01
2.581116725961267e-01,6.835739974321676e-01
1.617747592561761e-02,8.451228779019428e-01
8.524111643677630e-01,6.007626445967530e-01
3.214775446436729e-01,6.679601588602924e-01
5.268301868470526e-01,8.480000974833966e-01
2.502103020670872e-01,2.562278864235747e-01
7.323565849719367e-02,5.143821805316872e-01
8.898127222851909e-01,6.114109347627549e-01
5.310327618061718e-01,8.213307838054983e-01
9.589568874607594e-01,7.367469560060403e-01
3.439594448283126e-01,3.599422389454870e-01
4.391530437577297e-02,2.386319917806573e-02
5.076203031966557e-03,4.872541630115612e-01
2.928855597474079e-01,7.082624503915489e-01
8.201462094765838e-01,5.074095514171801e-01
4.674708747619162e-01,7.825788207271038e-02
1.909835483836865e-01,4.836483506875338e-01
9.233807599746533e-01,4.339471228578813e-02
8.441099528428679e-02,2.448583041526649e-01
7.113548716117418e-01,6.112411821313394e-01
9.285840117040016e-02,9.615651736788290e-01
8.674690690205754e-01,1.660940601332551e-01
4.759473537448549e-01,7.572817908401051e-01
7.775049948960100e-01,6.980115085365305e-03
5.786125741799421e-01,7.364618818911081e-01
7.437270710914056e-01,9.225720190082547e-01
9.640412037093385e-02,7.876423759328399e-01
9.464352181863204e-01,1.014803234029004e-01
2.748965384787398e-01,2.393207779337283e-01
8.097427737944493e-01,9.504274795532354e-02
7.467303293509084e-01,2.772136480907042e-01
1.733006300280339e-01,9.377138777345949e-01
7.608619992438993e-01,9.668138953702589e-02
9.811085900203831e-01,8.452729945281861e-01
3.415396936896908e-01,6.924634611664635e-01
4.565141761938641e-01,4.343980953257522e-01
6.540286343796312e-01,3.239832447487783e-01
6.004921554590074e-01,1.299759876588248e-01
8.126503512322206e-02,3.779971498893561e-01
1.369561027441901e-01,6.598776097688254e-01
1.144590313148028e-01,8.806831743012570e-01
5.824496283114188e-01,2.108631521513980e-01
6.683255497684356e-01,5.288848464977391e-01
3.123434755542984e-01,9.432220882471753e-01
7.682056244314674e-01,1.220862493487477e-01
3.826483573683763e-02,5.149359533167146e-01
3.992998974394518e-01,2.115654657648716e-01
4.526498305856482e-01,1.601618962176898e-01
3.082468553018974e-01,4.337584201403700e-01
5.434890280214553e-03,6.497865494572495e-01
1.262218813068335e-01,4.619490669397400e-01
8.418464431734041e-02,7.802505156864648e-01
7.859323116885183e-01,6.846767997763478e-01
9.102265038109508e-01,8.671973472774016e-01
6.267394920004250e-02,4.718260608947957e-02
5.270749565805658e-01,1.771329805148453e-01
9.278657803907365e-01,1.095245844263232e-01
3.879961326662433e-01,5.961913296935109e-01
6.384094309240623e-01,7.003396086862029e-01
5.394134179406862e-01,4.066150548898685e-01
8.224258580349506e-01,5.776782536775238e-01
9.215510082065831e-01,2.217257550087412e-01
7.892437199080566e-01,3.742008383265700e-01
3.818876516920923e-01,9.749057474429280e-02
8.079592589326013e-01,3.873225419723068e-01
7.472771242015422e-01,9.341811402394349e-01
8.492716089120468e-01,8.314617685188826e-01
7.144316554602383e-01,6.352039206005651e-01
5.161385678295691e-01,6.246581588055278e-01
5.024012674123055e-01,5.788125170296117e-01
6.718407653606686e-01,2.947622352720994e-02
7.559454980101182e-01,5.997065452857440e-01
1.390008079535332e-01,1.439416302107003e-01
1.958978749792547e-01,7.774102393432568e-01
8.442812388969032e-01,7.353112929199409e-01
1.840252937674640e-01,6.667070964661925e-01
3.129895461318035e-01,1.055763019740471e-01
8.884328519405950e-01,1.022332655741988e-01
4.797771403006171e-01,2.703205031670260e-01
1.997238407841529e-01,2.877363987675572e-01
6.576430451393328e-01,9.470009649856952e-01
2.219175385413307e-01,5.069146540513796e-01
7.784627335045778e-01,9.363491944672303e-01
1.421185741862834e-01,2.946013008684857e-01
5.610073528070968e-01,6.445198415985889e-01
8.734138183637586e-01,2.328481177021042e-01
6.739960651257988e-01,6.293593159082156e-01
8.325546634535094e-01,8.129968730793320e-01
7.733009461189159e-01,2.845253796710285e-02
5.904071119569275e-01,6.175821850158191e-01
7.637638308870438e-01,7.744324061900528e-01
2.842892810163504e-01,7.675337655318593e-02
8.800087081640999e-01,1.727221324912841e-01
1.789866425930460e-01,3.597858479990558e-01
4.430426356583101e-01,3.787104833771989e-01
6.475222472322743e-01,1.006856807976429e-01
3.257114478972328e-01,8.694397857736050e-01
6.076003348490225e-01,1.041741809361494e-01
8.057889797751741e-01,7.497189090353059e-01
3.987754822702964e-01,3.667963325822709e-01
3.942387501682335e-01,2.721893001683938e-01
5.996444502843751e-01,6.823481482837107e-02
9.015486160766094e-01,4.321991132722232e-01
8.812316879077031e-01,6.748495617298640e-01
4.606516512393261e-01,4.716387998646306e-01
2.924317462800218e-01,2.244154816607085e-01
2.460712055890221e-01,5.767210277620335e-01
3.011688586795557e-01,1.260799132874608e-01
7.494431602533176e-01,4.801555012726018e-01
4.858657612865165e-01,1.924857959116277e-01
8.588659846498007e-01,1.333880080531295e-01
2.931714767092706e-01,1.845774320813722e-01
2.827793826734551e-03,9.007718115582931e-01
2.887516134831829e-01,8.086167736019086e-01
6.504907201279377e-01,6.875270957534794e-01
1.754131057185182e-01,4.472946983050996e-02
9.597163959218731e-01,7.750575564685546e-01
1.129642846588810e-01,8.612650115328212e-01
2.072566692751165e-01,9.941959725665841e-01
5.361145727970239e-01,6.679083209801039e-01
4.658347719655534e-01,8.285463195427071e-01
8.923238026408123e-01,7.119059775545755e-01
4.052673468390793e-01,1.934926608547068e-01
8.379858908420363e-01,1.547105066267357e-01
6.736481621273086e-01,3.238516521285529e-01
3.471963025383634e-01,5.325141463114480e-01
4.572396601816824e-01,6.403677792476340e-01
7.170915788584815e-01,4.600674540084170e-01
5.411395903402658e-01,5.843191876003143e-03
2.686842276103256e-01,1.916303100025422e-01
6.933702876294825e-01,4.440973333288437e-01
2.363597798330522e-01,6.530866830856943e-01
2.191548893317370e-01,3.493240644919333e-01
5.143516941528542e-01,4.264115590725148e-01
3.435200370585174e-01,5.046626648421691e-02
9.431987958695734e-02,8.093548090240708e-01
8.790125860269240e-01,9.866436822277698e-01
5.212607865786463e-01,2.842799324003421e-01
1.801363430824766e-01,3.592466769550213e-01
4.389904394927390e-01,8.537845052097852e-01
6.830983290835742e-01,7.861867420311024e-01
3.862986515212332e-01,1.403379892652566e-01
4.265545212787364e-01,1.033902299140534e-01
6.004054432736735e-01,9.676941116190022e-01
1.092334217900566e-01,8.690896708839990e-01
1.593244216215445e-01,8.026037094195391e-01
3.131870042128428e-01,3.956842014545967e-01
4.556903920395721e-01,5.323418935445798e-01
7.450082664121912e-01,9.700420861924263e-01
9.587534526170945e-01,8.852830300504728e-02
2.050835221098193e-02,5.307333173839065e-02
8.978831120291181e-01,8.995209387035672e-01
3.971701396616037e-02,4.191438981421031e-01
1.838008706382480e-01,2.198533570486369e-01
7.783905755627857e-01,6.227913101309870e-01
7.363786179276084e-02,4.614889041806985e-01
4.089780521620894e-01,4.599365133139940e-01
6.018268934459551e-01,8.355325734408259e-01
5.633267432280475e-01,2.022323367196286e-01
8.032266845941668e-01,6.725601650181041e-01
7.132200713796634e-02,9.625511062157113e-01
4.751638739719818e-01,3.845090113508091e-01
3.582353076703080e-01,9.308542660115540e-01
9.168509053610502e-01,1.032435736168379e-01
9.008963517383189e-01,8.756043575124836e-01
1.917718766218852e-01,9.214047044149621e-01
9.286776897165355e-01,8.965498818534193e-02
8.209256426528682e-01,9.683947036826959e-01
5.087988867931063e-01,4.726512825454824e-03
1.882480602656715e-01,2.871894618902306e-01
6.275178234221032e-01,2.618859220584323e-01
7.486783660709292e-01,3.649587511853123e-02
7.218224358380877e-01,3.505052595168842e-01
8.720284485593570e-01,2.851491786004739e-01
5.527375962365129e-01,6.752551326878625e-01
9.577093440842392e-01,6.240596033744792e-01
6.378062389035738e-01,4.328732175905599e-01
8.568614725288290e-03,9.960415465738818e-01
3.637274836021138e-01,9.254195200863385e-01
9.928511972505838e-02,2.646238348747715e-01
8.010238771331608e-01,2.910569963469435e-01
1.860285388240724e-01,7.297015663840349e-01
3.807119845322855e-01,6.954181011279198e-03
6.980962696010695e-01,8.895108713253917e-01
1.168069430239531e-02,8.863443298667411e-01
1.767003327499611e-01,6.391985177244984e-01
1.482302519251733e-01,9.253786992865516e-01
6.756943928430297e-01,8.700526877632609e-01
2.758839583377745e-01,5.477228409367254e-01
1.552018658980736e-01,8.286215545742873e-01
2.229779731589267e-01,1.129112095166516e-01
4.526811574831052e-01,8.607842120625006e-01
5.457844275728727e-01,4.612497722083935e-01
8.568257581707210e-01,9.095119111749864e-01
3.866692918290707e-01,9.561108778957794e-01
1.741357455840966e-01,1.876931689622315e-01
2.471678737770616e-01,3.601642848738303e-01
9.173947353462664e-01,6.278798587750084e-01
3.671184658851095e-01,6.154910049473359e-01
5.173907296347389e-01,3.787991601875048e-01
5.018353343484157e-01,6.940910628503613e-01
1.799767744634192e-02,6.500655862735890e-01
6.194697616712515e-01,6.936920702893715e-01
5.201182735711887e-01,8.953537200090260e-01
2.414149107604357e-01,6.753201399349236e-01
7.239752741176519e-01,4.643928843850237e-01
7.882313494515751e-01,1.766564311350959e-01
3.251770959818629e-01,3.340157765587865e-01
6.379062038091506e-01,1.820028541525839e-01
2.435276872681117e-01,2.457549517255998e-02
1.381137315827020e-01,4.176634333178696e-01
2.122686641347914e-01,3.852816058254249e-01
7.778277181916999e-01,1.296633994810578e-01
1.316146413477206e-02,1.449461836111481e-01
7.451544044283938e-01,5.305521937695109e-01
5.237453442643142e-01,2.469897383111481e-01
2.246432561542109e-01,5.417430217106561e-01
8.970553250503984e-01,8.441130178254624e-01
2.354350920000277e-01,4.171735981559258e-01
7.394667373688271e-01,4.768500027604634e-01
9.249373762518807e-02,4.634420110208178e-01
9.412428871454871e-01,8.807250875424245e-01
6.400984426215749e-01,2.664199831273500e-01
2.147408636355497e-01,2.780046459650642e-01
4.484228372799339e-01,4.582685513693227e-01
3.025801411376242e-01,5.865365688626359e-01
8.759319846871924e-01,5.148488057380769e-01
9.718181746880609e-01,6.537597024132310e-01
6.445122052191348e-01,9.849796388228329e-01
7.987058860243791e-01,3.896666091818672e-01
5.155318325923438e-01,3.224512298230320e-01
6.366563474930154e-01,7.401750887465547e-01
8.641942519993494e-01,5.337116720777525e-01
5.842881065720171e-01,9.962934353371586e-02
9.508852706993396e-01,3.237548434751829e-01
5.764793462941793e-01,4.337900785886636e-02
7.871968549616620e-01,5.177222334396663e-01
9.241040954012909e-01,4.272952971175757e-01
7.841422165670163e-01,1.388449590368406e-01
7.052999430826399e-01,2.325650533812889e-01
5.971135104061633e-01,7.880083754602859e-03
8.191016222439248e-01,4.730454946276944e-01
5.227288894926798e-01,7.909197969319857e-01
1.268051965752641e-01,1.672410942461533e-01
7.758994352891573e-01,9.255110825996432e-01
5.569077034280205e-01,2.914312674158399e-01
2.479623124226752e-01,1.935640509210360e-01
3.160635616239457e-02,1.121565639563634e-01
7.272757229987884e-01,6.158944627344117e-01
2.117859074900793e-01,6.781609932324667e-01
9.396493062095946e-01,7.882652537842585e-01
7.215400015569944e-01,7.268461607055954e-01
3.059874867582635e-01,6.456440964926240e-01
1.541414573575098e-01,9.012970285961856e-02
7.844890555294646e-01,8.594414004401497e-01
3.226947562409075e-01,3.816025654699665e-01
8.673214846604138e-01,1.417963784848323e-01
8.546480600976609e-01,3.900503736874323e-01
9.327161754168179e-01,9.814532566729249e-01
5.572914683992469e-01,7.086156102403139e-01
9.069643392725681e-01,1.141991713616062e-01
4.687765615381191e-05,1.549266512295821e-01
3.077632222826421e-01,3.165323381854838e-02
2.670832151859455e-01,3.503894528143059e-02
6.475476965529601e-01,4.788691226760247e-01
7.131999385138973e-01,5.871970022968934e-01
2.671343759946220e-01,4.347399396052304e-01
3.140431630024887e-01,5.731218632185467e-01
8.038403609785440e-02,4.681846203599985e-01
6.632515660781654e-01,8.648730916273190e-01
3.276260208001481e-01,9.859463227847342e-01
2.464756570972854e-01,1.949475049949007e-01
1.277427008039051e-01,1.011237167292851e-01
5.849978786823330e-01,6.045887575506180e-02
8.257697340221003e-02,1.422893466159186e-01
7.690744859953758e-01,9.895413126747782e-01
2.564885184431861e-01,7.691213636515296e-01
1.444679634386990e-01,5.642517407258282e-01
8.007745974700780e-01,4.115511786246445e-01
5.992906860072588e-01,4.483222935573767e-01
8.904203013006692e-01,3.124906245211561e-01
3.551929585427013e-02,1.575546768296299e-01
7.472305641263866e-01,3.495624588567589e-01
7.306765400481767e-01,8.276146002242409e-01
8.177470792167574e-01,3.939281061263420e-01
6.924876918515599e-01,1.453730995512442e-01
3.798744284454149e-01,9.389633489488454e-01
3.403206045461449e-01,5.076171292493200e-01
4.008706521246911e-02,9.253184836941392e-01
5.680760050043817e-01,1.226640386146791e-01
6.760782984439648e-02,3.371504905340962e-01
1.122053508237961e-01,3.240963482875825e-01
1.062718541856258e-01,2.566733142624951e-01
8.883480894790721e-01,9.070464516557039e-01
6.682244928871396e-01,4.876387750206696e-01
3.553687452130805e-01,5.586447937221475e-01
8.001293995418257e-01,3.908880410673507e-01
7.161994710174386e-01,5.473599636682123e-01
7.404504999241095e-01,4.468760105999541e-01
3.749745634267920e-01,5.581975786752056e-01
8.408041167262961e-01,6.746225481269055e-02
7.035706786921111e-01,2.206785447060496e-01
6.425603295874598e-03,4.389128277259473e-02
7.282956739553695e-01,4.651266897400499e-02
9.692097664667338e-01,2.963716784940901e-01
1.691767075886841e-01,3.681759631113037e-02
6.335221694938477e-01,2.813820588781415e-01
3.609139445987130e-01,7.397940236794734e-01
5.380553731406366e-01,2.492620336121237e-01
6.468404748695160e-01,2.062798660277761e-01
7.369008090984546e-01,2.209219616935225e-03
7.649246597499236e-01,5.370302081746190e-01
3.930972606842859e-01,4.811241303017010e-01
8.439017137716998e-02,1.335477601427342e-01
9.280001413673163e-01,4.593647352696232e-01
6.917453392836010e-01,7.688042576279511e-01
5.268269900823138e-01,3.953160175100509e-01
9.894828027996621e-01,5.332525938438496e-01
4.392073002826457e-01,7.177784762893703e-01
5.797652628178547e-01,4.084170667493796e-01
1.415015478346038e-02,7.489419704065388e-01
4.452346630605099e-01,6.476723242773080e-01
3.032402881901899e-02,8.061486076592228e-01
3.874663474911201e-01,5.683794024253168e-01
5.541064127134655e-02,3.430682189497483e-02
7.746592684530929e-01,7.923114503698011e-01
3.651604197757134e-02,5.395839277373552e-01
3.293416580787588e-01,4.296133026618573e-01
2.070805803905617e-02,4.137318299215901e-01
5.631610632702527e-01,9.487081994063725e-01
8.730965651912133e-01,2.549064020881925e-01
7.175124565686622e-01,3.999235548078658e-01
6.502224195982433e-01,7.069952589026630e-01
9.331761486517154e-01,8.942971941522775e-02
4.247737351920333e-01,5.129414110039088e-01
4.978467861646073e-01,4.389238899754937e-01
2.618833814104476e-01,9.430814492251172e-01
8.659621378714043e-02,2.922074102294666e-01
7.492300568843401e-01,4.740625612782606e-01
8.605868126547834e-01,8.046406981556866e-01
5.083693831732354e-01,6.352460806422150e-01
5.969521480598264e-01,5.448854251508067e-01
1.748300083795702e-01,9.262938061385853e-01
9.744987282783253e-01,1.955380664186264e-01
3.400256355945140e-01,5.376597910829167e-01
1.442462653593376e-01,2.131222003200660e-01
7.925661931711092e-01,8.617587219279998e-01
6.130457555935931e-01,4.427886123036913e-01
5.687539808306629e-01,5.462219037796473e-01
5.322183317189190e-01,9.935277160226962e-01
5.916331478355607e-02,3.006511788352631e-02
4.324516055325286e-01,3.210466961940037e-01
9.731465671086436e-01,5.190478193196690e-01
6.132541064234702e-01,7.223766235273222e-01
9.931103805979297e-01,4.738409190782537e-01
5.270173212173476e-01,5.014797633055038e-01
1.090869992548074e-01,1.239694688115127e-01
4.636518845631051e-02,2.839170076343775e-01
5.026327495009791e-02,2.086391626897450e-02
4.794550740530040e-01,3.902889105446120e-01
5.585237073518912e-01,6.237013394123415e-01
6.034111113303393e-01,3.510899000573391e-01
4.854600613403414e-01,2.164568664582711e-01
7.938785123610304e-01,5.421404170534296e-02
7.626787702379184e-01,3.260968436142881e-01
4.774175726237789e-02,8.218420850214745e-01
3.561619614978144e-01,4.801933627949065e-01
1.428887807498168e-01,3.293085286064579e-01
9.992411821145756e-01,7.561428876389483e-01
5.168515166811885e-02,9.923515622468440e-01
2.299838062515407e-01,5.787024733511277e-01
4.938313250866864e-01,3.390708055063480e-01
7.026719421626404e-01,5.401965135429969e-01
6.229878136063869e-01,7.529352171127383e-01
5.610604298119715e-01,1.024428871937296e-01
1.432241276573502e-01,1.195841366982014e-01
7.261442270717324e-01,7.466352389876895e-01
4.706740367555404e-01,2.116042879464125e-01
9.630921054459606e-01,2.645525486509095e-01
2.658183296517554e-01,7.257708752182177e-01
5.906493927308588e-01,3.135600869141333e-01
5.476129602396921e-01,9.468113542286732e-01
7.937534497090398e-01,6.905017409895089e-01
2.761198823694698e-01,7.929946313579542e-01
4.466446281627960e-01,3.278050345032499e-01
7.853461931391369e-01,6.766284344143366e-01
9.065075078543776e-01,2.791775177601620e-01
1.569923992068471e-02,6.091794495513567e-01
8.193740317688203e-01,6.386870535270717e-01
3.621146666640950e-01,3.804344611151305e-01
7.411299407208012e-01,5.053387943214452e-01
5.000185982789931e-01,4.672741673268723e-01
2.519740328434734e-01,9.706926350345335e-01
6.788784552732848e-01,2.150661378237727e-01
2.352451836854430e-01,9.446967849250403e-01
9.408370130419903e-01,8.258945764163018e-01
2.582568713735123e-01,4.884499728160211e-01
7.727059301793138e-01,5.201032061689083e-02
1.789517138055301e-01,4.882581254878352e-02
8.450049519748450e-01,6.255963419683260e-01
3.766308470520335e-01,6.303511446483205e-01
3.022247763826627e-01,2.831383544407498e-01
9.095286628741439e-01,3.179240163033474e-01
8.923178039921065e-01,7.289026941773028e-01
9.566110698304191e-01,2.544324701905402e-01
1.093371548267720e-01,6.977410100855590e-01
7.597712645119854e-01,6.093557531057651e-01
1.650151774124313e-01,1.174529688979746e-02
5.800483881402986e-01,8.438936326857160e-01
2.268114347135701e-01,8.152935718257416e-01
7.885904176107563e-01,1.676484477555605e-01
6.411881477763821e-01,4.684728851860728e-02
6.560984205715816e-01,4.138940774900345e-01
9.885760960115940e-02,8.350501343771117e-01
4.627198900388181e-01,9.438625615760045e-01
4.606464763454378e-01,8.393507370908515e-01
5.742137062243250e-01,7.628712527281005e-01
1.224890910659400e-01,4.837423686328076e-01
8.079526856578666e-02,1.480689505804651e-02
2.126450623444491e-01,3.740633793054444e-02
2.692393652485867e-01,3.219822171712212e-01
7.351473480161034e-01,2.901062976057205e-02
9.313379707426476e-01,9.001625254285347e-01
4.075592665036951e-02,5.113863584172849e-01
7.440561581142509e-01,2.675673618296009e-01
3.266799297773652e-01,5.326465752593459e-01
4.352158095851614e-01,9.678680775537473e-01
5.794938637779531e-01,9.131422969108179e-02
3.817621545781205e-01,6.783514733791125e-01
9.263643645338548e-01,8.444820450825998e-01
6.222140349551170e-01,3.870108404136313e-01
6.838327817077902e-01,1.964277407137806e-01
1.498820926760706e-01,8.063218732393914e-01
6.801701093465882e-01,2.306773612418572e-01
8.211287682974380e-01,8.928151716910373e-01
2.680836991724017e-01,9.036813308036333e-02
2.147973883965972e-01,3.231046722843799e-03
1.193787628409354e-01,1.461353586735834e-01
9.033935726170398e-01,1.601346899569662e-01
6.575217170908683e-01,6.474497302656294e-01
4.277020517865671e-01,9.842016468682334e-01
1.800963050593139e-01,8.629178613717285e-01
9.520697239563194e-01,7.595901688372670e-01
9.542320910628103e-01,3.338318785344399e-01
4.379416422163796e-01,8.805964551310038e-01
1.783139231513785e-01,6.015567670583524e-02
2.676072950789739e-01,8.621467048591686e-01
2.565834174196159e-01,4.174893877550445e-01
6.684685776328987e-01,9.367535267662040e-01
6.481667489969016e-01,4.895973454646754e-01
8.295686979915801e-01,9.162504481693033e-01
5.799654790107001e-01,4.436608592251599e-02
9.194814953578084e-01,6.993442418516354e-01
1.905014450617607e-01,8.228750675091869e-01
8.594789318086016e-01,8.480231621526290e-01
4.703247973091550e-01,2.871809831295074e-01
8.322248090208624e-01,6.504211023684690e-01
1.500988440355746e-01,7.842945325115205e-01
4.100112707400747e-01,1.043309350983849e-01
1.181264105802991e-01,8.479529129564543e-01
9.849273902293888e-01,2.964403337316776e-01
9.081085896622895e-01,2.525346853083626e-01
1.585870385908461e-01,1.646920066162441e-01
6.700240730634072e-01,8.270556162237449e-01
1.014455329167869e-01,3.181908220603088e-01
3.166529616884203e-01,9.310142309083670e-01
2.344412697639509e-01,8.966184406991202e-01
9.753803172965443e-01,1.539227646560980e-01
5.959626820850944e-01,1.658817618926436e-01
9.767978321652849e-01,4.554416138936959e-01
1.390492357961132e-02,4.471226290087786e-01
7.426225970232033e-01,8.461297326004736e-01
9.754373091158630e-02,8.927214415244392e-01
6.304242651119941e-01,5.075550021173223e-01
9.970523766228242e-01,7.485506756922932e-01
3.555079146081153e-01,9.819797663865517e-01
4.499100942397072e-02,2.636165042704048e-01
2.345144512292531e-01,2.035780480148169e-01
4.283085108866489e-01,9.045385247583215e-01
3.063366377290043e-02,5.297540442690971e-01
2.227293463529690e-01,3.472866254613207e-01
4.607682747118027e-01,4.571706161169198e-01
2.439050656947797e-01,4.361485915426857e-01
6.110933812386791e-01,8.398677482455353e-01
6.020303534353293e-01,5.878912129383027e-01
2.953093616735699e-01,6.159352774806020e-01
3.501384194708142e-02,3.793195823111197e-02
4.620650096154143e-01,1.325575728586677e-01
9.306533997555512e-01,9.248927426174715e-02
6.401125749759901e-01,9.277057759127141e-01
8.410399504197016e-01,9.956204900497666e-01
9.096855422992658e-01,8.860309598436723e-01
2.592369938545102e-01,1.441999930628575e-01
8.960900739282789e-02,6.875455047411591e-01
4.873851735551773e-02,1.202426711657283e-01
2.172995485445948e-01,2.714678637084867e-01
4.675292970927103e-01,6.780678237220589e-01
7.286384802910678e-01,7.114343627874899e-01
1.142164147990832e-01,3.397318610640856e-01
5.513021105673640e-01,7.162467687000739e-01
9.276230740023884e-01,8.466114722409339e-01
3.321820457150145e-01,9.626369159494699e-01
8.845434309377072e-01,7.942470553304288e-01
9.519448880813759e-02,8.151968302275970e-01
8.867363300578373e-01,7.353070637841276e-01
7.429026061403111e-01,7.277762800118776e-01
7.309275533682329e-01,6.525881479739156e-01
6.138072393898886e-01,9.901645472227431e-01
7.967881410367732e-01,7.034162467827165e-01
6.777100519639021e-01,8.455266588579522e-01
8.236589179484448e-01,8.950096005084969e-01
1.169945221007776e-01,2.911882145754938e-01
5.730774237648945e-01,8.456330023918455e-01
2.622577362983756e-03,6.872938390296389e-01
1.853648629902698e-01,5.539246879303478e-01
4.035406072640515e-01,1.129879369926583e-01
4.005361601712816e-01,7.357226529790659e-01
7.562485247646684e-02,2.850795906433275e-01
5.299697078438335e-01,1.708193412846044e-01
1.002764204052633e-01,4.167060374360094e-01
9.061264055343934e-01,8.431790265455744e-01
1.444823169822257e-01,6.370539584369650e-01
4.957671740538288e-01,7.582895563721143e-01
6.272185056597080e-01,2.925553150906020e-01
4.617058026891694e-01,3.049285571579489e-01
1.380819734828928e-01,2.853647206376143e-01
1.999381572007845e-01,2.550764955836705e-01
5.765529352131080e-01,7.730155814313402e-01
1.007094979755159e-01,5.791755125760918e-01
4.603094199953179e-01,2.860743609657858e-01
1.331002005064395e-01,8.638500272593694e-01
3.990622979584440e-01,5.336363606777211e-01
5.995726797727741e-01,4.746871509005721e-01
8.187159513210487e-01,1.295423871509463e-01
6.455064921851765e-01,9.189923717263119e-01
5.462484250526169e-01,5.516328972539086e-01
7.621713982718864e-01,6.907307420348426e-01
1.886868556908736e-01,2.579385718600539e-01
4.490202984069568e-01,8.159053613505817e-01
5.504938869506558e-01,9.107261010961263e-01
1.208339180428693e-01,6.885758604335486e-01
1.960908212680793e-01,3.207720752436538e-01
9.436523564828804e-01,7.726437569468486e-01
9.378765620933271e-02,4.436185399273497e-02
3.518192690572791e-01,5.540970762046507e-01
3.304362149585207e-01,4.849194695637186e-01
4.179471029983587e-01,7.294985133826261e-01
1.855582977577850e-02,1.751978230547150e-02
2.041856638175369e-01,8.372717810968271e-01
1.470621699220790e-01,8.496921560027134e-01
7.562641528231391e-01,6.933105949746959e-01
4.013250532566221e-01,5.184355506293641e-01
3.840413365438773e-01,5.900119089474957e-01
7.763741224894180e-01,8.330616349508342e-01
4.059172698324161e-01,3.268680094400738e-01
7.437877360469605e-01,5.267511878752854e-01
1.544386940796108e-02,9.398785573150397e-01
8.475232631189391e-01,9.590962258908414e-01
7.125223137962270e-01,9.413109197939331e-01
3.458079417915121e-03,6.434158285350612e-02
4.954079955329224e-01,3.338942948420971e-01
5.492610524172248e-01,9.133550989969424e-01
6.339280775906184e-02,5.678168826586646e-01
9.308748813024139e-01,2.675784715765987e-01
4.050886632898304e-01,7.793705075883169e-02
1.172706271136508e-01,1.613528156473082e-01
7.712476457335277e-01,5.185956803702729e-01
6.797883662766723e-01,1.552889822774050e-01
1.086075888521073e-01,4.561624887660902e-01
9.883506172282391e-01,5.145248586845235e-01
7.830304982061640e-01,7.321383528095383e-01
4.127604609414751e-02,7.984743676141250e-01
6.720169101245780e-01,8.887993096787479e-01
7.575705935049665e-01,3.845392234551437e-01
8.301102290070198e-01,7.610286729228817e-01
4.488808063086498e-01,3.255182240742809e-01
9.492296729931746e-02,9.981418591915359e-01
2.388733226055621e-01,1.583157750583793e-01
5.659587413845392e-01,1.697482039079760e-01
4.258942466349780e-01,9.710474046743696e-01
2.476852546668077e-01,5.431648742142902e-01
1.324002203216777e-01,1.893290040033539e-02
6.176055411890175e-02,8.121885865983500e-01
1.742218826777404e-01,1.703681434366704e-01
2.683510748987790e-01,1.625724994403182e-01
6.848930021211938e-01,5.138157263928166e-02
8.947108527155178e-01,7.261690486810026e-01
8.498559407190680e-01,5.667277623744346e-01
6.149683578940892e-01,6.074265337583733e-01
9.512669858295782e-01,4.450785864354477e-01
3.684552062155936e-01,4.001477921382281e-01
7.705968105097286e-01,4.633781739805723e-01
3.982896508641027e-01,9.470133115290727e-03
6.216939490389516e-01,9.642483922486419e-01
1.792183370232668e-01,4.758819567392962e-02
9.352957964573502e-01,4.269035916900745e-01
5.907530698882197e-01,6.769601631336659e-02
4.458364920904099e-01,6.525136240071215e-01
8.798846033773779e-01,6.200583747681502e-01
8.228817674437918e-01,1.482356778104956e-01
7.826308746741297e-01,5.077747695649857e-01
1.996172509154385e-01,6.773417269239862e-01
2.339438177803270e-01,4.947319116884526e-02
2.440694888327594e-01,8.489121756744162e-01
6.568997249272185e-01,1.953364741966764e-01
2.939907616442026e-01,2.535493067715081e-02
5.954842663349045e-01,6.458757168826999e-02
4.887331046577231e-01,9.937739171990072e-01
7.405770480356072e-02,1.104270536966748e-01
9.580223089819878e-01,2.532760418268274e-01
1.580152493706044e-01,8.933181054393380e-01
6.801796339825632e-01,7.487683192588241e-01
9.610141217527045e-01,1.260161256073118e-01
4.012819428002843e-01,8.408987246644212e-01
7.460745008411233e-01,2.241637102440762e-01
9.891344029405780e-01,5.287053750495917e-01
7.319384798090618e-01,1.887516533903552e-01
2.060471015079166e-01,9.658822975893888e-01
2.382248445592005e-01,4.501165903406761e-01
8.147944727981438e-01,8.951245694864191e-01
6.454530645373524e-01,1.087852339766851e-01
9.204795001635698e-01,2.409373308722569e-01
1.733728056649551e-01,4.092126048212930e-01
2.347112476056028e-01,2.474305109341771e-01
5.196396585179678e-01,1.927335565875906e-01
5.007065527610045e-01,6.776549078885722e-01
