1 11 24 24 31
5 17 29 9 45
9 18 14 35 39
8 12 28 15 10
5 13 28 31 2
3 9 26 4 10
2 9 28 34 48
4 17 14 22 32
1 10 24 14 4
5 7 14 28 22
1 9 1 8 41
1 9 14 35 7
1 7 29 7 44
2 12 20 6 18
1 16 28 33 32
1 8 21 5 9
7 1 1 3 40
8 16 10 8 11
5 3 11 22 12
1 1 10 13 44
3 15 3 28 37
1 8 6 28 32
4 5 14 36 6
2 13 2 31 21
1 13 7 32 40
4 17 15 29 5
3 11 8 18 9
9 2 8 9 2
4 3 9 23 22
2 2 18 25 31
3 10 12 15 35
3 2 19 4 31
9 6 13 30 19
6 1 24 7 7
1 15 2 15 25
6 6 9 21 27
7 14 18 24 29
5 1 8 37 20
4 15 14 27 44
8 6 22 33 32
7 15 19 39 41
8 5 19 13 3
5 2 13 17 39
6 9 19 33 20
1 11 23 34 7
3 19 17 33 29
7 12 14 5 29
9 1 5 22 1
9 9 8 37 11
3 8 10 6 34
3 16 26 33 40
2 11 8 3 31
7 15 8 19 12
7 18 4 8 12
7 18 25 15 19
3 19 17 10 48
8 9 15 8 43
4 13 19 21 46
8 16 2 10 28
3 8 13 34 19
2 6 19 36 36
8 5 16 28 39
2 16 8 37 34
7 6 15 10 5
5 11 20 24 21
1 2 12 14 3
3 9 24 8 24
4 6 18 1 30
2 4 2 17 20
1 19 16 1 6
9 5 8 35 32
4 10 23 7 20
6 12 21 8 8
4 10 15 22 5
8 12 12 39 38
7 3 12 29 33
9 12 10 8 27
1 5 13 29 41
8 13 21 19 22
2 14 5 14 5
7 3 22 4 35
5 9 6 12 9
4 5 4 25 16
6 18 20 20 39
8 10 23 18 25
3 10 9 2 1
5 9 28 24 20
8 6 27 38 34
4 14 23 12 16
6 16 24 25 39
6 6 4 7 43
8 5 4 19 6
2 4 20 19 37
8 19 5 3 45
1 14 14 1 11
1 5 25 7 31
2 1 11 34 28
6 14 21 23 12
7 18 7 18 15
9 15 29 27 49
1 1 27 8 11
2 17 21 14 48
1 19 16 28 24
2 17 11 1 40
7 9 5 36 9
1 10 20 26 9
4 15 24 16 21
8 18 10 17 40
6 12 19 33 41
9 8 23 5 33
8 18 12 39 38
9 8 19 29 31
9 8 23 21 31
1 2 17 34 7
6 17 20 4 5
2 19 9 37 41
7 1 6 29 44
5 18 10 7 40
4 6 11 38 5
1 6 18 20 48
5 12 1 1 45
4 15 27 13 28
7 6 18 17 9
4 9 14 25 33
3 10 23 8 25
3 15 2 32 47
3 1 16 18 34
2 19 27 7 3
1 1 7 22 21
5 18 27 14 26
4 9 8 38 14
2 16 23 10 27
8 11 6 37 31
3 8 20 4 9
7 19 21 4 26
5 7 23 16 6
5 5 1 14 7
7 7 17 24 35
5 8 7 20 19
8 9 26 36 33
3 16 26 6 18
1 4 22 29 17
2 5 21 12 4
7 10 21 29 29
3 12 9 31 33
7 17 12 4 26
9 7 27 22 2
3 15 17 37 21
8 2 5 10 8
1 13 14 3 48
7 7 22 28 41
4 18 23 38 40
1 8 15 10 33
2 6 10 37 40
6 8 18 30 33
8 6 7 11 49
9 2 6 28 10
5 11 9 21 32
7 9 20 25 27
3 3 10 35 7
5 11 2 4 42
4 9 18 37 36
8 6 3 30 35
6 2 20 6 7
9 18 4 20 47
7 9 21 30 10
7 12 3 2 39
7 18 25 7 1
8 9 8 34 44
2 10 15 36 3
4 10 9 4 46
9 13 29 38 39
4 9 14 23 46
7 10 11 8 35
8 19 19 32 40
2 14 22 7 37
4 7 13 1 17
2 12 2 32 1
9 8 21 21 18
6 3 14 2 30
5 18 19 32 34
9 5 1 25 17
4 4 21 29 42
5 12 20 37 17
4 8 14 39 48
3 13 17 16 13
4 9 14 11 31
8 17 20 27 19
8 19 23 2 4
3 2 6 27 29
2 18 19 21 1
3 2 20 12 14
3 19 21 27 11
6 4 10 6 44
1 4 9 4 39
3 9 26 31 3
9 1 11 6 18
5 10 21 17 13
7 1 4 23 16
9 16 18 37 10
