None 	[111, [86, 27, 5, 2]]
None 	[113, [82, 42, 2, 18]]
None 	[122, [89, 27, 30, 24]]
None 	[123, [100, 26, 6, 32]]
None 	[131, [78, 11, 36, 1]]
None 	[131, [79, 19, 31, 15]]
None 	[131, [85, 6, 39, 14]]
None 	[131, [88, 10, 41, 13]]
None 	[131, [92, 2, 44, 1]]
None 	[132, [87, 18, 30, 35]]
None 	[133, [54, 2, 5, 30]]
None 	[211, [57, 37, 19, 4]]
None 	[211, [58, 72, 16, 5]]
None 	[211, [58, 74, 11, 6]]
None 	[211, [75, 62, 11, 6]]
None 	[212, [36, 38, 3, 2]]
None 	[213, [51, 78, 11, 24]]
None 	[213, [61, 65, 4, 18]]
None 	[213, [70, 89, 1, 23]]
None 	[213, [78, 94, 5, 10]]
None 	[221, [21, 22, 16, 4]]
None 	[221, [88, 44, 69, 2]]
None 	[222, [23, 22, 20, 20]]
None 	[222, [29, 19, 23, 20]]
None 	[223, [25, 16, 5, 23]]
None 	[223, [32, 24, 9, 17]]
None 	[231, [31, 15, 47, 7]]
None 	[231, [32, 1, 48, 1]]
None 	[231, [59, 14, 36, 8]]
None 	[231, [61, 14, 34, 15]]
None 	[232, [32, 8, 18, 27]]
None 	[232, [42, 5, 49, 53]]
None 	[232, [45, 18, 25, 26]]
None 	[232, [49, 3, 53, 34]]
None 	[232, [71, 1, 83, 51]]
None 	[233, [32, 8, 5, 40]]
None 	[233, [36, 4, 23, 51]]
None 	[233, [37, 18, 8, 38]]
None 	[233, [45, 3, 3, 63]]
None 	[233, [46, 2, 19, 41]]
None 	[233, [50, 5, 16, 33]]
None 	[233, [53, 15, 14, 26]]
None 	[233, [81, 7, 4, 47]]
None 	[311, [14, 46, 15, 2]]
None 	[311, [1, 66, 9, 4]]
None 	[311, [5, 94, 41, 1]]
None 	[311, [7, 90, 24, 2]]
None 	[312, [12, 79, 13, 19]]
None 	[312, [16, 47, 17, 17]]
None 	[312, [26, 69, 18, 12]]
None 	[312, [30, 82, 17, 10]]
None 	[313, [2, 90, 1, 17]]
None 	[313, [35, 76, 11, 36]]
None 	[321, [15, 55, 33, 1]]
None 	[321, [1, 59, 70, 27]]
None 	[321, [1, 80, 52, 13]]
None 	[321, [3, 21, 22, 5]]
None 	[322, [10, 42, 50, 49]]
None 	[322, [10, 84, 35, 48]]
None 	[322, [12, 73, 42, 66]]
None 	[322, [15, 66, 65, 44]]
None 	[322, [16, 87, 42, 28]]
None 	[322, [1, 97, 66, 49]]
None 	[322, [20, 65, 63, 46]]
None 	[322, [23, 37, 39, 43]]
None 	[322, [2, 75, 82, 50]]
None 	[322, [31, 67, 30, 32]]
None 	[322, [34, 61, 32, 34]]
None 	[322, [35, 65, 29, 43]]
None 	[322, [3, 80, 29, 49]]
None 	[322, [43, 65, 49, 31]]
None 	[322, [4, 68, 50, 85]]
None 	[322, [5, 68, 62, 65]]
None 	[322, [7, 95, 63, 38]]
None 	[323, [10, 65, 2, 97]]
None 	[323, [10, 82, 53, 94]]
None 	[323, [11, 57, 2, 63]]
None 	[323, [20, 54, 17, 58]]
None 	[323, [20, 57, 2, 41]]
None 	[323, [27, 47, 17, 61]]
None 	[323, [2, 97, 8, 85]]
None 	[323, [38, 38, 14, 58]]
None 	[323, [39, 51, 6, 55]]
None 	[323, [51, 50, 6, 77]]
None 	[323, [5, 87, 3, 86]]
None 	[331, [11, 11, 72, 33]]
None 	[331, [11, 16, 79, 25]]
None 	[331, [21, 23, 55, 31]]
None 	[331, [22, 36, 92, 4]]
None 	[331, [22, 3, 98, 18]]
None 	[331, [26, 21, 46, 16]]
None 	[331, [46, 14, 76, 31]]
None 	[331, [51, 46, 84, 4]]
None 	[331, [52, 18, 91, 8]]
None 	[331, [5, 56, 97, 22]]
None 	[331, [6, 24, 65, 30]]
None 	[331, [7, 21, 68, 18]]
None 	[331, [9, 30, 82, 10]]
None 	[332, [15, 10, 31, 22]]
None 	[332, [2, 16, 35, 51]]
None 	[332, [5, 10, 87, 56]]
None 	[332, [5, 24, 59, 43]]
None 	[332, [7, 1, 19, 26]]
None 	[333, [11, 9, 1, 44]]
None 	[333, [1, 44, 17, 78]]
None 	[333, [28, 7, 19, 48]]
None 	[333, [45, 1, 29, 93]]
None 	[333, [4, 7, 24, 69]]
None 	[333, [7, 22, 28, 56]]
