4.036390011461959e-01,6.769254673694830e-01
5.091824541563315e-01,4.681695490896021e-01
3.292882147378291e-01,7.682092397251308e-01
3.307006394492852e-01,6.283756684008640e-01
9.628179491493227e-02,9.422859000548073e-01
2.168070054912111e-01,9.284869407991593e-01
9.806295449025000e-01,1.165620296603960e-01
4.888828161650246e-01,4.004030058719398e-01
4.842330706934511e-01,5.631514247874901e-01
3.061955019713672e-01,6.924514965731576e-01
3.567763118678302e-02,8.739958308497515e-01
2.411162582244957e-01,7.371951869025802e-01
5.219839556752931e-01,4.513285832831623e-01
9.461121974223636e-01,7.770645228957079e-02
6.174952048541340e-01,3.475052589344191e-01
1.778221556188613e-01,8.988406084476567e-01
5.073420381423744e-01,6.865475234452082e-01
6.229988826850273e-01,4.006137409333975e-01
6.589473226387473e-01,3.377923568027636e-01
9.362610876301383e-01,7.476185047996209e-02
6.862042185420698e-01,3.362075991919413e-01
1.435043350476743e-01,8.486221009602146e-01
6.864666693404633e-01,2.498858915474350e-01
2.886683678523896e-01,7.072193318767002e-01
3.158123885710168e-01,5.989290386388672e-01
3.587941034036363e-01,5.949355201542376e-01
6.334805613421844e-01,3.915150029973405e-01
2.378383799325881e-01,5.607784175204917e-01
6.959609673659604e-01,4.606962013874802e-01
3.514410202220434e-01,8.779275015226690e-01
2.319818255891113e-01,7.694193764662354e-01
5.167857717620303e-01,4.340855097349350e-01
4.171723776885652e-01,7.539741182409565e-01
3.750300409301051e-01,7.345627665225205e-01
5.116638443410668e-01,5.769409385634026e-01
5.145128019035590e-01,4.810783148142670e-01
4.952474683826885e-01,5.964792337935291e-01
4.956770670006891e-01,4.312209665562574e-01
1.532401815109520e-01,8.449541319799018e-01
5.277973723891181e-01,5.570507407755827e-01
3.352382877664115e-01,6.445589048793741e-01
2.243361661371916e-01,8.021072023587674e-01
2.318960225088273e-02,9.708401087857635e-01
5.047294466463625e-01,3.347297128067850e-01
6.302574250448854e-01,3.657271758101451e-01
5.605215907585114e-01,5.280570529868799e-01
1.944422081165693e-01,7.286506894409721e-01
5.393963905451320e-01,5.018959850486053e-01
5.408411213541976e-01,4.175326292252094e-01
7.429400479372873e-01,2.228105906751424e-01
6.037397938584635e-01,3.535385617284742e-01
7.601266358355989e-01,4.076308354897851e-01
5.622263207602605e-01,4.120783388303170e-01
3.542377509435318e-01,5.485803559797912e-01
1.234609663872687e-01,8.068361291804785e-01
4.851644114572171e-01,5.481261571422403e-01
2.544251917677298e-01,7.010033422048658e-01
5.428591961677874e-01,4.941471355735597e-01
3.514238290764560e-02,9.019424724196214e-01
5.871708108049627e-01,4.191742561772092e-01
6.568476036353019e-01,3.936659777998230e-01
3.009553487804841e-01,5.163799566758993e-01
1.597469726120472e-01,8.754965050378976e-01
8.242417672105449e-01,2.097432993821415e-01
8.278675143699710e-01,1.506343690718450e-01
5.473255082015017e-01,3.479023042519326e-01
4.832934947243857e-01,5.922132404769993e-01
7.874916209242835e-01,2.633441996740126e-01
2.701952330867048e-01,6.353500934787863e-01
3.849723984183793e-01,5.701473000243504e-01
2.280079058199038e-01,7.613635175518709e-01
6.607875523015171e-01,3.271737523773569e-01
6.430434482050460e-01,2.403860748712399e-01
2.464048812671389e-01,7.856744687570494e-01
4.311472922431310e-01,4.627041487282066e-01
4.257493493391304e-01,5.348175723065984e-01
5.422398543512317e-01,4.331062092502482e-01
4.233282061702396e-01,5.593107553795958e-01
3.924752833923804e-01,6.101478350302143e-01
3.623395889684149e-01,4.709652630459793e-01
2.952678258621367e-01,6.463342802779836e-01
9.622723056586766e-01,1.260444176987363e-01
9.694854352982640e-02,8.648272392809037e-01
6.966621477776163e-01,3.533676613667232e-01
6.230563650450111e-01,3.980156231227295e-01
3.317011337471620e-01,6.978617169821968e-01
2.481426273460458e-02,8.200828272624987e-01
7.523223530996137e-01,3.123278171639023e-01
4.352946531361967e-01,4.845166940543166e-01
2.005612746350398e-01,9.513671784822255e-01
8.302010387681305e-01,2.959864122415954e-01
2.590900454571438e-02,9.991424162144953e-01
4.854889340130862e-01,4.911890538946216e-01
5.308952704616117e-01,3.828477061882436e-01
2.960103984427336e-01,9.006761639159879e-01
2.225607281243225e-01,8.823492049026707e-01
6.797300135704676e-03,9.082500948290062e-01
2.004185028409960e-02,9.106660475969657e-01
5.056939639661603e-01,5.162268444021655e-01
6.683215394846310e-01,3.276739514028796e-01
5.028826012148770e-01,4.099686808683278e-01
6.155557981412235e-01,4.678841359650593e-01
5.196253024118956e-01,3.381556153411575e-01
8.258715450252845e-01,2.708852584348662e-01
7.180045855705769e-01,2.269543517969835e-01
7.280977812341447e-01,2.191619637586113e-01
4.443929144510620e-01,5.982087208603274e-01
3.670501063138201e-01,5.388763082137655e-01
9.217433986781580e-01,5.301285142923406e-02
4.066083849547637e-01,4.833166344214916e-01
7.967746335347350e-01,1.988467118960116e-01
6.015256388583919e-01,3.988050540362084e-01
7.532727451078822e-01,3.886590972722891e-01
6.552811798440095e-02,8.762851182461859e-01
2.674009619149360e-01,5.973757746907175e-01
5.467784880246351e-01,5.131157647269591e-01
4.245716428883125e-01,4.651050404098491e-01
5.739344236270327e-01,2.974814403296409e-01
6.918981091145859e-02,9.814203995869994e-01
5.956878941251529e-01,4.414149276796333e-01
3.765336577754518e-01,6.590968342301838e-01
1.801814479264652e-01,8.838208082453136e-01
8.274645334899069e-01,6.123505594946571e-02
4.251954153548505e-01,7.623810208209170e-01
5.018854429638702e-01,4.938914447456113e-01
7.355541088034925e-01,2.864909304293487e-01
4.579006995477487e-01,4.495775775538108e-01
9.622496621241873e-01,1.733467991838135e-01
8.109954171113358e-01,3.889283506837143e-02
6.574260654556269e-01,3.192773375466623e-01
1.717620494994859e-02,9.695807346400708e-01
2.705417405061737e-01,7.244143080074132e-01
6.357315147972489e-01,3.861281580259857e-01
8.312810720119072e-01,2.658446294067637e-01
4.720934436139649e-01,5.707753640850396e-01
6.954931057859155e-01,4.298675937981840e-01
9.289811672777126e-01,3.769948454783623e-02
4.513879560339330e-01,5.490959895992668e-01
6.819204481266576e-01,3.498766405319953e-01
6.282844713150598e-01,4.190195308094323e-01
3.892847645502002e-01,6.064293173259570e-01
4.839924247722743e-01,4.919991094409468e-01
7.704524696686861e-01,2.337892842073253e-01
4.076881300550737e-01,6.211983116430160e-01
1.943711888128958e-01,9.185981257639926e-01
2.567796215057091e-01,6.644745509907516e-01
7.709240267659148e-01,1.912752374612803e-01
3.647837855439867e-01,6.315086174997077e-01
6.199670177447629e-01,3.022807615030139e-01
9.371052449263478e-02,8.641600778626435e-01
6.062039865788644e-01,3.025916409888022e-01
9.593950309491872e-01,6.942261984866005e-02
5.546627711503170e-01,4.706487591187344e-01
3.716317487831099e-01,5.569978357941178e-01
4.901525716251038e-01,4.087206962171386e-01
6.093141466667812e-01,4.133380869065096e-01
5.635074330179466e-01,4.361332532253481e-01
4.275661589470331e-01,4.353246645005272e-01
9.329190097985873e-02,9.386145959236465e-01
2.323011157139288e-01,6.776937192393668e-01
2.813125040022598e-01,8.126894388989924e-01
7.699857857079057e-01,2.443216670913689e-01
9.125555946351159e-01,5.134901346673415e-02
3.257594839428501e-01,7.676304043946789e-01
7.030362113192603e-01,2.012749633570172e-01
7.833310119008914e-01,2.056018806965131e-01
7.621425729277393e-01,2.580643003480070e-01
1.218214931587182e-01,8.880096737884638e-01
4.316979045197410e-01,5.542672638101299e-01
5.723233680328360e-01,3.905163453476063e-01
4.999970090016320e-01,4.567640022499707e-01
4.319537694904403e-01,5.352618337117758e-01
4.576572401531676e-01,6.130995547645820e-01
7.536791586097569e-01,4.448524157806983e-01
3.613471600465994e-01,6.971620886775347e-01
9.905235258110934e-02,8.724820447810948e-01
6.823599307034233e-01,1.604311150064582e-01
2.502935988519968e-01,6.758676636695985e-01
6.898633704043713e-01,3.660065313684670e-01
3.698500331827691e-01,5.716858773814896e-01
6.352145540105469e-01,2.407057847982852e-01
3.332729244040834e-01,7.020815174591007e-01
8.537183464574717e-01,5.341701014376377e-02
3.725364572133488e-01,7.118699898795325e-01
9.026255635519727e-01,6.405798468678453e-02
6.928017451299816e-01,2.721735559912134e-01
7.285260568321890e-01,4.953210668334750e-01
6.131531130833685e-01,3.535516630624775e-01
7.792299743299620e-01,3.691428572218802e-01
6.605297632397522e-02,8.309203923010138e-01
4.574709801815784e-01,6.003412637393954e-01
3.392415940286746e-01,6.748955520022524e-01
2.588400819527552e-01,5.712964958773374e-01
1.958952955928698e-01,7.419776804816872e-01
7.544790843169058e-01,2.756058851341638e-01
6.711721175846944e-01,2.836075344191781e-01
3.679543923479180e-01,6.080729946412287e-01
3.148793064447339e-01,6.742574626760665e-01
5.168895855687424e-01,5.624693576241786e-01
6.302494625386033e-01,3.339386979358964e-01
2.876946559174945e-01,5.481594935848292e-01
1.782522246954377e-01,7.838038685152533e-01
5.873543359864544e-01,3.668214298123651e-01
6.848271939886319e-01,3.497364877590845e-01
4.889777905362664e-01,5.733064354399606e-01
2.519523828951933e-01,8.367963742915012e-01
5.945195911753665e-01,5.793178849275034e-01
8.066383794097112e-01,9.225881752433368e-02
1.603934535003481e-01,7.095518822618915e-01
4.340195543160574e-02,9.119624278390622e-01
2.564479999199452e-01,7.744663046395996e-01
6.019212764012918e-01,3.749655238842395e-01
7.753862589022970e-01,1.404462700194006e-01
4.223603710451515e-01,6.497716314343068e-01
8.278567223538693e-01,1.068294071403994e-01
3.799323955709968e-01,5.884168585222986e-01
4.026254016357130e-01,5.868213091933419e-01
4.365130578318347e-01,4.628956721787026e-01
4.661168491105175e-01,6.363563245381324e-01
6.305954314652557e-01,4.336950013673938e-01
7.234184084481284e-01,3.295827253792095e-01
2.181198588708075e-01,6.294654113947376e-01
5.040142187650171e-01,5.850126106982699e-01
7.429206760707718e-01,1.626223349551619e-01
5.943416582239817e-01,4.475576105437679e-01
4.184984391760443e-01,7.035226997040570e-01
2.708567362098415e-01,5.832084278697680e-01
6.016330245826611e-01,4.954964471402341e-01
9.514073928434560e-01,1.017240582062529e-02
5.971296938919690e-01,3.490495391475332e-01
5.801791972866330e-01,3.731151594720553e-01
7.711048012396947e-01,3.014892784099682e-01
7.734566402134735e-02,8.906681590349422e-01
2.712375261862198e-01,6.861437322021630e-01
6.621758147810126e-01,2.365069398526325e-01
2.305659566131735e-01,8.050402556189051e-01
7.187253493491477e-01,2.202886146145399e-01
2.813409283913634e-01,8.286591220149188e-01
6.497660476107232e-01,3.944333667670912e-01
5.071559642924151e-01,5.701275832362710e-01
3.727946012904050e-01,7.332811160504747e-01
3.149083644982200e-01,6.586745387619508e-01
2.772507289942172e-01,7.501051317432561e-01
5.447262407562792e-01,4.934996759802748e-01
9.032707510492295e-01,1.101584158225588e-01
8.372375497117166e-01,1.754475165384450e-01
2.663855031967957e-01,6.451713678654529e-01
5.396706985312201e-01,6.159461298981141e-01
1.930493276265970e-01,6.353307238669141e-01
3.062241303182730e-01,6.675017079845443e-01
8.689856680665475e-02,9.196188722680899e-01
5.003619370951727e-01,4.693659834142648e-01
2.047857201378653e-01,6.983931624081647e-01
8.135129102231737e-01,6.912339004912033e-02
7.305300001661352e-02,8.416021897496192e-01
4.259757173695349e-01,5.336184122351844e-01
4.250403452302930e-01,5.778719029454126e-01
8.073394716230049e-01,8.045393486207086e-03
1.922909236468713e-01,8.196907299903731e-01
1.516276297720424e-01,7.873340761297549e-01
2.558348164302866e-01,7.488496718609530e-01
4.329609495881586e-01,7.300561424887557e-01
8.077218367925550e-01,1.117006002963609e-01
8.424060355252302e-01,4.681021167655230e-03
2.479219608258207e-01,7.855652190884299e-01
2.470758485586145e-01,7.953370883038258e-01
2.113622018542687e-01,7.047964768928978e-01
4.555404130135672e-01,5.309356656872393e-01
8.803200148626510e-01,2.017038809480288e-01
7.546766253748398e-01,2.900440378305955e-01
8.022055737325140e-01,2.856100567520830e-01
7.740315856085503e-01,3.159750167017178e-01
7.617442672314828e-02,8.340430027074872e-01
1.144028216732209e-01,8.671426577042991e-01
6.067498775386968e-01,4.681755018581503e-01
6.694937557290851e-01,3.733291686170298e-01
3.823888475222743e-01,6.295505564723274e-01
2.914507413458293e-01,7.232091808429365e-01
5.926006712001686e-02,8.766038620299249e-01
1.477341763185958e-02,9.825268174169929e-01
3.512465403287617e-01,7.620365549844510e-01
9.049354262924900e-01,7.532670897023319e-02
5.759739275321123e-01,3.669244403221412e-01
8.216865170637935e-01,1.600957573648601e-01
5.949323635034616e-01,3.614288184326229e-01
4.781123655684013e-01,5.977214243935548e-01
1.065646257551073e-01,9.482652091532155e-01
5.802621638724649e-01,2.869766473605722e-01
6.394957298638771e-01,5.065550687556230e-01
4.545512107065591e-01,6.279438019240697e-01
4.849651461422717e-01,5.502779567279468e-01
2.215691694779629e-01,8.809009169139608e-01
8.505258772447790e-01,2.584722595560891e-01
2.451228989262608e-01,7.949623940181532e-01
2.261322587856376e-01,7.504693766974256e-01
9.440576826009868e-01,1.356414832447838e-01
6.286823493520399e-01,3.490030591102735e-01
4.844416606695003e-01,2.738582115359217e-01
6.454691829587855e-01,3.448017743486098e-01
1.833488459439226e-01,8.939856675141906e-01
5.378399743023674e-01,4.719392245346861e-01
8.646717172355727e-01,3.608882854416753e-01
4.925897966931569e-01,5.658917682346032e-01
2.399046285284878e-02,9.317513048204736e-01
6.709964897634547e-01,1.865436570447815e-01
2.676418575671240e-01,6.912633748243073e-01
4.828357606719260e-01,5.428358805659548e-01
7.117716293142612e-02,8.851199040422345e-01
2.482751315772806e-01,7.086662276522331e-01
1.559820754696611e-01,8.708106814842952e-01
6.112049214593730e-01,3.173430476341180e-01
7.135845811905797e-01,3.279019537008314e-01
4.375992886912331e-01,5.879103176689965e-01
3.538388966060229e-01,6.852576916422539e-01
5.348362649644152e-01,3.604481829610380e-01
1.705568632160627e-01,6.672055175809323e-01
2.348360537762822e-01,7.820167317931096e-01
1.815669566349692e-01,6.218207964344571e-01
6.304956181427811e-01,3.104040085308372e-01
6.171970443593658e-01,4.182338607170442e-01
4.818331423226248e-01,4.924413772247025e-01
4.172273001253424e-01,6.335685233503741e-01
1.799743047200281e-01,7.998934859410417e-01
8.961340572161138e-01,6.778480500019335e-03
2.612188058300379e-01,6.593484268215518e-01
6.632920039891349e-02,9.238185883337784e-01
1.500318862746759e-01,8.072397052328146e-01
4.056348345598429e-01,6.227068397380540e-01
5.741478400297517e-01,5.640701888547308e-01
4.618050052375337e-01,4.988650426882530e-01
5.384912183814540e-01,3.980513284700488e-01
2.895953804714197e-01,5.981083533442539e-01
4.752679999122239e-01,5.856556105808157e-01
5.051154419644549e-01,5.548477461587963e-01
7.542308633469850e-01,2.141765409368872e-01
5.092322993692805e-02,8.774977740065771e-01
2.452170779088675e-01,6.697154479234622e-01
1.432406103914264e-01,8.293094910576115e-01
7.225917344840990e-01,2.795820209124499e-01
1.695184190486312e-01,7.552837583855982e-01
6.228045271259609e-01,3.872673862024049e-01
2.642853702959355e-01,6.802879289002594e-01
8.859015416761946e-01,7.294641247542083e-02
6.275197941938272e-01,3.809656874575883e-01
1.465738512405784e-02,9.481487223737811e-01
7.586975411113118e-01,1.437316055742152e-01
1.810874606687338e-01,8.303386813266254e-01
3.833409145781296e-01,5.357554725696635e-01
5.518976603161528e-01,4.686348148957528e-01
5.350897021902389e-01,3.040128834184143e-01
1.513086522680392e-01,9.683412853580827e-01
5.017451014387566e-01,4.315740115534614e-01
4.395024103482068e-01,6.526930360648946e-01
8.769052243773436e-01,9.208116856071630e-02
4.445797126417033e-01,5.392754073735599e-01
2.281778258856366e-01,7.988223733154147e-01
1.395156023984362e-02,8.046596495385562e-01
5.220690266586702e-01,5.486686822774981e-01
7.441297112958821e-01,3.475614782311750e-01
5.349434260381900e-01,4.002582587207471e-01
2.036137033866467e-01,7.830585127021772e-01
5.198131273003269e-01,5.604790652188306e-01
7.142003552557481e-01,2.630977378784625e-01
6.209215232890942e-01,3.375959731656762e-01
1.401484825864398e-01,7.576437900237427e-01
2.913621667986039e-01,5.852322792001430e-01
3.724956023663624e-01,6.518721355780466e-01
4.953461073365852e-01,6.533820717019456e-01
9.410479330848125e-01,6.454810836434505e-02
8.307084374279516e-01,1.524026485164436e-01
8.589841226216677e-01,1.104631108066325e-01
5.739181312593509e-01,4.210638530745520e-01
5.003703801118955e-01,4.149806199974897e-01
7.072223416751857e-01,1.714090573202047e-01
3.545142879324308e-01,8.521334058866166e-01
8.177176331069936e-01,2.110526397592566e-01
2.158960555854833e-01,8.264329553371316e-01
7.329454493921008e-01,3.072598597165155e-01
3.058144813184381e-01,8.691501103133664e-01
7.824938225378547e-01,3.325351969745501e-01
8.055088760361127e-01,2.951113520318374e-01
7.105568669749260e-01,1.563051373918682e-01
9.525370864219236e-01,1.272774215128759e-01
1.770838997857793e-01,8.100940185629203e-01
3.824245293845440e-01,4.932535663301162e-01
6.790384250606716e-01,2.712690479520283e-01
5.058893939762032e-02,9.594664450117089e-01
7.722159379571936e-01,1.096708120982308e-01
4.636359010632417e-01,5.981628314604712e-01
3.865424292526186e-01,6.355265270812471e-01
3.525926321432908e-01,7.033725312397048e-01
1.550167022393917e-01,8.686724817990529e-01
7.668047173629446e-01,2.525541950513174e-01
8.086654275370795e-01,8.563419317616727e-02
6.728016157291545e-01,3.824212067662198e-01
6.206657856071268e-01,5.142979052634530e-01
5.569564344883842e-01,4.032111794212735e-01
4.959934665091702e-01,5.545446820901364e-01
9.635012450222439e-01,3.295370687274801e-02
6.124719956886875e-01,2.009949200464183e-01
3.586054536530195e-01,5.372104256378182e-01
4.885418090274424e-01,6.180607647506976e-01
8.809180755383483e-01,1.513362713946757e-01
6.306315179932208e-01,2.572859667710608e-01
1.973201404803512e-01,8.342161777020679e-01
5.964333535380116e-01,4.197558517357519e-01
1.772167799699180e-01,9.459094847489675e-01
4.848041010463930e-01,5.737007443458011e-01
5.263335049206261e-01,5.749951808510458e-01
9.285009769657404e-01,2.106922924068018e-01
4.622229283981680e-01,4.753341919921725e-01
4.553618018672606e-01,4.560601970775350e-01
5.958583301458917e-01,4.139964402794373e-01
7.614131156597910e-01,2.979556269201302e-01
8.964887305909474e-01,1.954998887912299e-01
6.019515173244497e-01,3.725480146464527e-01
6.536157058866123e-01,4.902948611073349e-01
1.432366959027378e-01,9.322966396564254e-01
7.352864355313082e-01,1.749552622253778e-01
4.957067489547886e-01,5.525177286695264e-01
8.290668751938799e-01,2.713049378275831e-01
6.639809759242328e-01,2.666678486703633e-01
9.591836384515082e-01,7.913877090962201e-02
2.626053233782647e-01,7.212195887236154e-01
7.217682211970217e-02,8.875271320310603e-01
1.349907240912353e-01,9.452240757159615e-01
9.895240446218303e-01,7.099225756975192e-02
3.608147009717709e-01,7.259145494512476e-01
8.063089667044819e-01,1.245941900945821e-01
4.930511289942060e-01,4.181507706416489e-01
1.918706419277296e-01,7.852034713480054e-01
2.147285191225724e-01,8.481125833487736e-01
5.721945215532898e-01,4.366291396620763e-01
1.131470917171756e-01,9.601257775018684e-01
9.193240226402233e-01,3.347844026796887e-02
4.756427174490093e-01,6.597298250021447e-01
6.336376028790213e-01,2.424674027221382e-01
8.002765110682670e-01,2.359804871051243e-01
3.160134645983628e-01,7.518283135156913e-01
2.998715525597671e-01,6.692351171575956e-01
7.515747930882756e-01,1.225191530777944e-01
2.704285721927304e-01,6.345115876767773e-01
1.079166967125006e-01,8.718210181035725e-01
1.570620689772024e-01,6.270505277678320e-01
5.593407445579501e-01,5.273770283232637e-01
3.179283651825665e-01,6.905316413815720e-01
3.575517388255088e-01,6.204865196655931e-01
7.375785083396178e-01,2.407600186778128e-01
7.105222821745816e-01,1.401067663718667e-01
7.308637704307990e-01,3.499100039860576e-01
7.594231780704092e-02,8.203213143307209e-01
7.762245537117098e-01,1.725645183710356e-01
1.475326873727127e-01,8.425076499790778e-01
8.447285572895421e-01,1.547558395990921e-01
4.319134186344558e-01,4.308387575019832e-01
3.322407331520454e-01,6.628893769120712e-01
4.660383459149345e-01,4.143096421707383e-01
7.859940227526968e-01,2.957744476748377e-01
6.559851099108561e-01,2.562144693439609e-01
4.613449794964741e-02,9.277964452522371e-01
2.630222696479897e-01,7.418333226237215e-01
7.297900331009441e-01,3.191157955790790e-01
3.121254113809178e-01,7.911834448052173e-01
2.145190259431052e-01,6.701236381522705e-01
4.196428808767002e-01,5.643666265773046e-01
6.987137727749482e-02,9.669743443157153e-01
5.040129449918378e-01,4.277298455583463e-01
8.333266116185001e-01,7.135505381073143e-02
3.171940914370428e-01,5.519843789590113e-01
9.105260307508940e-01,2.006385687957524e-02
8.166331361970658e-01,2.180419428676924e-01
1.001700219134659e-01,9.467686137501008e-01
2.846279439314869e-01,6.759217158055340e-01
7.654525099351915e-01,3.158868387147279e-01
4.340487004538970e-01,5.951970279925435e-01
4.762525658318113e-01,5.954233341445918e-01
3.784458685993050e-01,6.471091617389539e-01
8.459583047370952e-01,1.305188318386852e-02
8.590326453878763e-01,1.260763172757791e-01
4.569681730190548e-01,6.266961621363381e-01
8.401252953350076e-01,1.856040156086114e-01
7.528631009705251e-01,2.079958957359584e-01
8.692729398860659e-01,4.804416491173691e-02
3.327025817323209e-01,6.425546815810018e-01
9.111858901782798e-01,1.115540650649705e-02
2.439356770998213e-03,9.871926123566344e-01
5.259168106142241e-01,6.999654247457424e-01
6.795911765570817e-02,9.191516975044751e-01
4.501760023310414e-01,6.399326362626258e-01
3.361309422005527e-01,7.375265595555014e-01
6.904299553963525e-01,2.028093405177519e-01
5.673696076210555e-01,4.512847410655867e-01
5.326148317252988e-01,4.917976035327006e-01
2.259495054926776e-01,7.832596378199124e-01
3.863222518010907e-01,4.712624782337205e-01
5.018184202955196e-01,5.078223332109959e-01
4.616576834524905e-01,4.448375019564813e-01
6.208906784453637e-01,2.717234629604823e-01
6.672495201158514e-01,3.202502846963992e-01
4.352825454957838e-01,7.341222469496509e-01
3.638024347811630e-02,9.926882461332197e-01
6.716931733430002e-01,3.285004722138579e-01
1.704510810212638e-01,7.322488228676900e-01
6.009126606842277e-01,2.158286943043845e-01
6.376555481471975e-01,2.571207375074083e-01
1.214047682431016e-01,9.490000387401232e-01
5.185868392622175e-01,3.683429358852934e-01
2.908091346558876e-01,8.591916811982103e-01
1.208712507968683e-01,7.537101110715108e-01
8.463844791558870e-01,1.268561630191483e-01
4.574654272920589e-01,5.309136872428235e-01
7.630358125507544e-01,2.254338027120870e-01
5.319938214868022e-01,4.833979521810322e-01
2.505944176843398e-01,7.688423037818797e-01
3.939722538199336e-01,6.310339286834902e-01
6.005719278339673e-01,3.411461561780597e-01
7.207650996128461e-01,3.724970465412289e-01
1.116862961999204e-02,9.920083149446526e-01
4.510775416069663e-01,6.570285956191084e-01
8.259957496840808e-01,7.278982622147878e-02
3.373549731079979e-01,7.950913824893260e-01
3.904112260594436e-01,4.771717197305039e-01
5.903453031389497e-01,4.155430815142535e-01
5.506185116105313e-01,3.739347531405148e-01
3.737326705494731e-01,6.629314273479238e-01
7.627547316808124e-01,2.819007607528395e-01
5.568061531856198e-01,3.356782597197451e-01
4.117193404970594e-01,6.396183879201105e-01
4.559889882434016e-01,4.890813332474639e-01
2.363784374182166e-01,7.472679385162122e-01
4.508028152072556e-01,5.722309282172565e-01
4.650365306098000e-01,4.214868852539576e-01
5.813171308748459e-01,4.137025856439392e-01
5.456767058075650e-01,4.932785477983003e-01
4.592954155003890e-01,5.614075756393928e-01
4.957897994816667e-01,4.724451722124701e-01
5.767953552229397e-01,4.417714923317324e-01
3.368206672525556e-01,6.707357698776344e-01
7.703944075576181e-01,2.440484846509732e-01
9.611970651678718e-01,4.427399950499766e-02
1.370680993415731e-01,7.404016757130942e-01
9.878271782972958e-02,8.725547703884831e-01
3.670590458455310e-01,5.576727022980208e-01
2.283712992909989e-01,8.669385354478732e-01
5.678320145309009e-01,3.900860417363746e-01
1.648378606948629e-01,8.062425339474469e-01
5.449456158097489e-01,4.383163415590313e-01
5.910078584444742e-01,3.896868231853877e-01
3.520503750032978e-01,7.617869964747942e-01
1.493448504195656e-01,7.519115946700641e-01
4.001318557105536e-01,6.356767921336770e-01
4.430349692323694e-01,5.734883327647857e-01
5.123488893820438e-01,5.436127612850297e-01
8.770790632446553e-01,2.354937943745642e-01
8.904154870356537e-01,1.426917083009233e-01
6.382898813128685e-01,3.817165996336506e-01
5.037489989883817e-01,5.424913289905473e-01
5.084297138897862e-01,4.637761266529117e-01
1.211124963561603e-01,8.702331412341595e-01
1.702964109105760e-01,9.211143118707431e-01
5.611774415139262e-01,5.199415150813228e-01
8.721874171444191e-01,1.170323925388783e-01
1.158253655510671e-01,9.006514250713421e-01
3.644569400395309e-02,9.860711506454657e-01
4.422341699522930e-02,9.820032085231286e-01
1.315983659267372e-01,9.475503953009037e-01
3.563033785930137e-01,5.777652961023860e-01
6.264662263368417e-01,3.907225433199454e-01
4.573738957638385e-01,5.470405244250698e-01
2.609962749835146e-01,7.852373830571575e-01
8.838765759830320e-01,3.599303168217277e-02
7.069446286934354e-01,1.768690425545115e-01
6.957387041723477e-01,1.712535728977525e-01
4.161984052107534e-01,4.891868320099454e-01
6.257131945819622e-01,2.607611025142801e-01
7.560331255853561e-01,1.782596721593650e-01
8.651869181481473e-01,1.268415410562267e-01
2.025576593826862e-01,9.228078942158692e-01
1.366074288528604e-01,8.830628103791561e-01
5.599605244966723e-01,3.733852301419582e-01
5.410350179598326e-01,6.317009411404265e-01
1.936492343369092e-01,7.457926063425262e-01
3.759916849782690e-01,3.861844996319663e-01
7.843276870748885e-01,2.381144369822578e-01
8.318162165361992e-01,2.777142990179432e-01
5.656419786976994e-01,4.550182780848442e-01
4.597617823534123e-01,5.183939579403345e-01
8.384716672387936e-01,2.218489789033219e-01
2.445176299873379e-01,7.939214109565366e-01
9.427365830659092e-01,2.683099229546915e-02
7.320777143063251e-02,8.016557189345943e-01
9.186908022674907e-01,1.074817671543305e-01
8.632476194079003e-01,2.055649583377345e-01
7.983777980523615e-01,1.575489100280999e-01
9.743594664760247e-01,4.269684407562924e-03
1.121458246507342e-01,8.634339672730550e-01
9.141485961376956e-01,7.058136216529604e-02
9.597178408062725e-01,2.270436569757361e-02
5.846456470687011e-01,4.710893207313431e-01
4.782934874015647e-01,6.916312103610660e-01
9.316478474177992e-01,1.042737572819299e-01
5.382431816367521e-01,4.514396518673425e-01
1.327550958911983e-01,8.032486351770272e-01
3.951661344895332e-01,6.084926005114573e-01
5.970704772120690e-01,4.606222169820925e-01
7.938359820728251e-01,1.653916497468706e-01
7.455464077732059e-01,3.113754779902078e-01
4.670799363436451e-01,2.668476508901154e-01
2.312821470460956e-01,6.577084450360864e-01
1.337338394978793e-03,9.769832180936796e-01
3.051356766858473e-01,7.398686767279786e-01
8.064785794404511e-01,1.810657315314314e-01
3.727626959178357e-01,5.962681067879695e-01
7.423819396205683e-01,3.568407111771071e-01
2.683537105990844e-01,5.329644070362330e-01
2.142997339096756e-01,6.830080673745188e-01
6.299012620997676e-01,4.538305119471245e-01
5.354357620265541e-01,3.415427036989483e-01
6.463156532149664e-01,2.809592077361246e-01
9.850472170926328e-02,8.940347264075835e-01
4.943215871307471e-03,7.924687364737402e-01
3.384000177739296e-01,5.455297342570684e-01
3.690418388843394e-01,6.036339568862255e-01
4.605466773716521e-01,6.557612252592203e-01
3.878351483199799e-01,5.606014322931686e-01
2.964757873724518e-01,7.192327743111070e-01
4.856396043729814e-01,4.900180330019557e-01
4.751964813625864e-01,5.278806187475344e-01
7.438208109184481e-01,2.239509229835299e-01
8.073352178864099e-01,1.063267051776621e-01
3.456896533541109e-02,9.987718074492178e-01
1.749270794197858e-01,7.689572872504734e-01
7.961158279773335e-01,1.431552289801803e-01
3.425590635418025e-01,6.257902452278892e-01
3.631496241059123e-01,6.057906078675204e-01
6.355916317777510e-01,3.184737224701673e-01
6.905744224934708e-01,2.024455216144746e-01
4.512470021537088e-01,6.764557663321460e-01
1.988735149420496e-01,7.154512425446835e-01
8.968089418433834e-01,1.469770914665131e-01
7.214709855251265e-01,2.200266102731742e-01
6.111587578083895e-01,5.175565028267632e-01
6.996117125322396e-01,2.538769059307999e-01
7.137260385528852e-01,2.990262007349854e-01
2.770523509337637e-01,7.710790584614733e-01
8.758104405669248e-02,8.852573904766036e-01
1.004165140909113e-01,8.538149733584551e-01
5.835310057520524e-01,4.261436481678307e-01
3.654830597725684e-01,6.418755116677350e-01
8.789580548390407e-01,1.903650413885127e-02
7.980159056866695e-01,1.613902341667749e-01
4.028340254168404e-01,6.180302825120819e-01
5.203480496285383e-01,5.033284542590214e-01
5.588899632769391e-01,3.055575390404868e-01
7.629200689125888e-01,3.013387825387102e-01
8.292677633331875e-01,1.075051004060321e-01
7.253356960295738e-01,3.059674335707729e-01
6.609756350269128e-01,3.708055159085136e-01
7.081754223602308e-01,2.466780346682129e-01
4.370474803944971e-01,5.167188135241081e-01
8.369176643743010e-01,1.097242973343524e-01
4.751246320282102e-01,5.475211426678023e-01
6.552458916587169e-01,2.592322657155823e-01
4.123379230274151e-01,6.107624868341304e-01
8.553474653822442e-01,2.213044765607313e-01
3.294616212442527e-01,8.115410033110839e-01
4.007747946150181e-01,6.249514024515713e-01
2.885899290724499e-01,6.342241276733491e-01
8.498639427134084e-01,1.828027538089766e-01
9.240525496642542e-01,1.564135814320475e-01
8.282645776515571e-01,8.723752198729728e-03
3.594579045600437e-01,6.100217357894597e-01
9.613800817113956e-01,1.336316901834463e-01
5.862347802099473e-01,4.262048267787494e-01
5.619340427821157e-01,5.510218340905834e-01
2.842917235353594e-01,6.868752700201759e-01
2.733840614427139e-01,6.204493719409738e-01
8.610117096129473e-01,2.081092294253373e-01
2.080426441371070e-01,6.351374793900455e-01
4.242294449773731e-01,6.245271269975845e-01
6.649536346546376e-01,2.298261484266784e-01
4.797081656231317e-01,7.200545652126946e-01
3.820519467181096e-01,4.965207080969269e-01
8.541531470441124e-01,2.297899170478986e-01
6.962325004362873e-01,4.522372262267038e-01
2.705596032878859e-01,7.082569321813283e-01
1.475988127758135e-01,7.002714146848755e-01
2.270857999857072e-01,7.820074567245885e-01
4.190068272774023e-01,6.503464222997912e-01
2.815130252835516e-01,7.798849412469628e-01
3.810549917879482e-01,4.869158360010841e-01
7.672883771242135e-01,2.079166227333088e-01
3.245574933949034e-01,6.572807230973066e-01
6.016099931721786e-01,3.467831551738771e-01
1.241123115175502e-01,8.299886194855657e-01
5.190967675509581e-01,5.307375079352230e-01
4.088462483762923e-01,5.088738313178310e-01
7.812093201631771e-01,1.127043605913847e-01
6.429041888192464e-01,2.892845765666508e-01
2.864824033693439e-01,7.257984946110324e-01
9.679120733577946e-01,2.796233682500548e-02
7.340085380040776e-01,3.370944028557091e-01
1.544784402274824e-01,8.319822768895253e-01
4.001311200682475e-01,7.302923578821450e-01
2.463649546427843e-01,5.809281343632930e-01
4.618834903386819e-01,6.990652027900626e-01
4.991677200711642e-01,3.413622374079485e-01
5.650943499682826e-01,4.028365464573049e-01
5.098259376802562e-01,4.878070597395684e-01
8.463899014632814e-01,7.698193942909631e-02
3.192265671500932e-02,9.586248618757109e-01
8.616442076812947e-03,9.683795963707851e-01
8.739693560809569e-02,8.176404133600537e-01
7.379290940590746e-01,2.210284274771380e-01
8.877061063665153e-01,2.968926164474145e-01
2.977151049196025e-01,7.142483372867634e-01
4.841022696150724e-01,7.172700383979752e-01
7.052413762215982e-01,3.580416929835383e-01
3.755832313188042e-01,7.274813207563003e-01
9.576677890197856e-01,1.355406386809911e-01
3.518504521037754e-01,6.145159902666237e-01
7.930875563417918e-01,3.609029335098872e-01
9.980660428590735e-01,9.307621454845555e-02
3.458600899430659e-01,6.136917205190635e-01
4.998691413184385e-01,6.136981772689238e-01
6.510888684775654e-01,3.919050715285973e-01
6.784320215101269e-01,3.388273390606096e-01
5.599814991341661e-01,4.196823315337219e-01
1.917990265534858e-01,7.165023761020847e-01
7.034636266382078e-01,3.305354789438056e-01
5.779274193660713e-01,2.483836678664670e-01
2.619120233364019e-01,7.472156233913002e-01
3.878966989807635e-01,5.901505285735922e-01
8.592980035785345e-01,2.408723039503931e-01
7.508966210923707e-01,3.555569135997454e-01
2.000464754403151e-01,7.596772522021149e-01
9.956533368753724e-01,4.156929488327593e-02
8.565921904453944e-02,9.735230348432672e-01
8.833497928589648e-01,8.385587538207184e-02
9.178750612493369e-01,7.142578785587922e-02
2.658713627894145e-01,7.927726741943355e-01
6.138307095022334e-01,5.739415723247553e-01
7.250069435003065e-01,4.115309728231139e-01
7.176320052707127e-01,3.374376619256868e-01
1.121112974243113e-01,9.609316434625550e-01
8.114464669400523e-01,2.006141040618183e-01
3.437120754360740e-01,7.601459128711124e-01
6.877668411125850e-01,2.525359415516314e-01
3.223548361359517e-01,6.466849294630953e-01
2.296507599987642e-01,7.645868398541519e-01
9.709458665530429e-01,8.966645068866008e-02
6.992776446705407e-01,2.676007965152485e-01
3.453010232280312e-02,8.110812095274644e-01
5.369582568891023e-01,4.155626953771605e-01
2.284361148567403e-01,7.266609981598321e-01
9.050792044860989e-02,9.474130779008285e-01
1.442565055828827e-01,8.698191972948680e-01
4.132817907193281e-01,4.810968529472422e-01
6.221578086139187e-01,4.635341269639887e-01
3.153284254837951e-01,5.718020795585714e-01
3.597257696529208e-01,7.298971241087469e-01
2.785261032375483e-01,6.822894423425605e-01
6.353238830737694e-01,4.968829130741875e-01
3.748519847675696e-01,5.747113325590556e-01
2.647559678975230e-01,6.991898685353507e-01
8.125487674884273e-01,2.152073337434810e-01
6.489014559088757e-02,9.019061234907056e-01
2.069584120573005e-01,9.103715238122105e-01
8.072643144552197e-01,2.481608651495745e-01
7.825900531397743e-01,2.929583810597806e-01
8.051014181949993e-01,2.239244400090484e-01
4.632461738509105e-01,4.570739181915257e-01
5.209112402518399e-01,5.410015176648060e-01
1.245618816263927e-01,9.195876692362872e-01
3.640224847527930e-01,7.027118141867448e-01
8.120109118335230e-01,2.229155915361825e-01
2.540339390100421e-02,9.619382835138738e-01
3.141253340435210e-01,7.678306076602497e-01
1.717207222826674e-01,9.305313634581279e-01
3.850170286366225e-01,6.539757222280053e-01
5.022695368101744e-01,5.029424873957542e-01
5.387135908613774e-01,4.623567159307347e-01
4.702803587109020e-01,6.389850432993979e-01
7.054139326619751e-01,3.182762994636122e-01
8.167291745921529e-02,8.203224657369825e-01
7.333398043714927e-01,3.344607134361290e-01
3.905335616133369e-01,6.558139334214725e-01
4.004533737902588e-01,6.462752710231811e-01
1.572897810854962e-01,8.863054437089364e-01
6.248730625445132e-01,3.262682333097101e-01
8.025212295859735e-01,1.441412145060473e-01
5.643394681776774e-01,4.691132989405689e-01
1.913801935565815e-01,7.773376975696926e-01
7.570263506829089e-01,2.087354551856877e-01
3.858221843320511e-01,5.425739717311264e-01
8.365506754153523e-01,2.116655984212296e-01
5.995407754709351e-01,3.553689275038600e-01
4.019591635326997e-01,6.520334706271201e-01
3.816941959095732e-01,6.691903560648520e-01
1.394466378147362e-01,9.164902064158640e-01
2.306906693570902e-01,7.348729444706676e-01
4.332995651779967e-01,5.288407339125634e-01
3.143007040971331e-01,7.123712473191284e-01
6.435509472288509e-01,3.976448447423338e-01
2.738038753791036e-01,7.262097374137297e-01
4.015722165862510e-01,5.466530843815474e-01
7.369698912934195e-01,2.941011379364792e-01
7.337916103867627e-01,1.554329154519666e-01
2.901296156476905e-01,6.639377463764793e-01
4.919199006542678e-01,5.390298139149285e-01
6.738886322822013e-02,8.630597570478934e-01
4.223378336166038e-01,6.196334174998276e-01
4.603234822802051e-01,5.576140482587644e-01
7.841008216373460e-01,1.546295437756145e-01
8.715258322285000e-01,1.161645043799941e-01
4.970239411601103e-01,4.190065743293829e-01
7.127003461888164e-01,2.583973051623172e-01
3.510685987968172e-01,5.635595545974519e-01
2.705103113921684e-01,7.325077411592696e-01
7.671324292906757e-01,1.744410938999296e-01
1.557802602508978e-01,8.897051527050781e-01
1.398758335848949e-02,8.878360066785309e-01
1.986244314952949e-01,8.118926552657078e-01
5.535610780551599e-01,3.796579448850103e-01
4.372833259130720e-01,6.374405346034782e-01
4.516811314203164e-01,5.154469968821820e-01
4.590316389068027e-01,7.064877773084927e-01
1.907650321569511e-01,7.422981373263290e-01
1.238354629235449e-01,9.039393045739047e-01
5.418577031196546e-01,3.758850984781884e-01
6.609161187175761e-02,7.941462246292934e-01
5.303518049012673e-01,4.219291716920476e-01
4.094685323809344e-01,5.908631649450631e-01
6.896241836132684e-01,3.019634239220732e-01
8.739912222453318e-01,1.007405643075151e-01
3.608679297460634e-01,5.669471651597559e-01
9.373201007042866e-01,1.581150862114813e-01
4.889158153296776e-01,7.130287120970311e-01
7.445317383196901e-01,3.013521275734532e-01
4.320036340700290e-01,8.034060048064122e-01
8.893953438492851e-01,2.432073831938664e-03
4.160981516079741e-01,5.485101297218939e-01
7.557534257860923e-01,2.489712776348198e-01
2.763336158432828e-03,8.088478846153165e-01
7.560497511900186e-01,2.122334902158861e-01
8.082877289647170e-01,1.733431327471097e-01
5.904365697686391e-01,3.590343568660820e-01
1.840689706933002e-01,9.237311559371092e-01
6.480022024520016e-01,3.304605169352783e-01
6.051934353732880e-01,4.274979368511635e-01
7.306894179223435e-01,3.291675988452754e-01
3.354523855091216e-01,5.077932652147246e-01
7.965927412566550e-01,1.675828775235827e-01
2.838004265589610e-01,7.753338587835156e-01
9.209438946104598e-01,1.895249160592154e-01
4.599857032482618e-01,5.463828398148897e-01
9.024678269007567e-01,2.002335451094200e-02
2.116654002445829e-01,7.388315223675282e-01
6.885162085643999e-01,2.017835084652963e-01
3.094184318869150e-01,6.486857318899063e-01
5.694482772118160e-01,4.796692394985064e-01
9.587076671573616e-01,3.346399829855412e-02
7.215605060101796e-01,1.559397388535399e-01
6.637948274886230e-02,8.931302810213358e-01
1.963226765677697e-01,8.017773336826615e-01
4.721494411806841e-01,5.333101421474800e-01
6.292008327121028e-01,3.670818801918341e-01
1.340578047129053e-01,8.171469510735307e-01
5.110331799157571e-01,4.476441034756043e-01
1.306302808436777e-01,9.537591128791423e-01
3.717384409847998e-01,5.873266375598162e-01
8.657513785800395e-01,1.155954042514420e-01
8.694614949432713e-01,1.843830472079732e-01
1.246129036736916e-01,8.562176641674923e-01
4.388362579405172e-01,5.676928213470420e-01
5.141559424093405e-01,5.023854575525595e-01
6.681049937504140e-01,1.859736024454494e-01
7.879733822648205e-01,3.195836668451946e-01
6.333158179528301e-01,2.197104520302168e-01
2.465058195832603e-01,7.977022467424716e-01
3.553471468318296e-01,4.338740980894052e-01
5.644028390729205e-01,3.285493242317250e-01
2.632435474648606e-01,7.659134247760244e-01
7.106214614631481e-01,2.990680668812169e-01
3.349627795002222e-01,7.488569811693376e-01
5.079794519340183e-01,3.529188643733935e-01
6.849274257405051e-01,3.059194580324511e-01
3.029629066408171e-01,7.224161506849374e-01
8.295962351816613e-01,3.521733798699778e-02
7.570683072743891e-01,2.095272915169932e-01
9.015634173401966e-01,2.349584106126623e-03
5.445164038988075e-01,4.788685880677149e-01
2.206730131018619e-01,7.671935288453142e-01
3.160553546821067e-01,6.643318051259915e-01
4.215278471382484e-01,6.929759255727466e-01
5.101303620912044e-01,5.842922248746775e-01
7.174839788762365e-01,2.139533679044846e-01
2.828889130851875e-01,6.645358160121790e-01
5.970646505082076e-01,4.581021111411769e-01
7.900895591038781e-01,2.106696070573843e-01
8.688249279500859e-01,1.447675404368611e-01
6.556879285720261e-01,4.206495868012243e-01
4.476667547315804e-01,5.699666485788012e-01
9.079237362723739e-01,9.336201523366927e-02
4.275233417665091e-01,5.483469254774863e-01
5.686021425114164e-01,5.160337040776403e-01
1.127313308641213e-01,8.406251412686170e-01
5.731056325656334e-01,3.882915224879995e-01
1.502108975586624e-01,8.117606809999208e-01
4.158528134661870e-01,5.413973263451610e-01
3.741276680834448e-01,5.720347829501111e-01
5.643394266913349e-02,8.635252630396245e-01
6.362362857503708e-01,4.749010589585144e-01
4.808992463226807e-01,6.175243036673759e-01
8.028195750024447e-01,3.817493224776550e-01
2.555347059888210e-01,6.404195691172375e-01
9.216607683524908e-01,2.174170393336817e-01
2.882666788161247e-01,6.989823569930251e-01
7.491178895873777e-01,1.969253315510600e-01
7.714996632904338e-01,1.610559514547589e-01
8.732148990692084e-01,1.351806751843387e-01
2.800000174794746e-01,8.358991464160757e-01
7.884846600990220e-01,3.851578840964885e-01
8.267908114876865e-01,2.100122471884880e-01
4.594997168865260e-01,6.140836581506173e-01
5.848095546969039e-01,3.277240380831546e-01
8.122470826559227e-01,2.269475633433226e-01
1.558464807209248e-02,8.311851168759710e-01
6.770290373962040e-01,2.041428102420844e-01
8.296477727140510e-01,1.613555340971604e-01
9.869524436711857e-02,9.346182558000533e-01
7.368208067577415e-01,3.064986184976226e-01
2.968326212986812e-01,6.716351707558645e-01
8.115384740761514e-01,2.408682848719569e-01
5.005080810072048e-01,5.354647359955781e-01
4.636715094819130e-01,4.996886610631559e-01
4.418322088203085e-01,5.818542365476888e-01
1.821763181510574e-01,8.466894145418380e-01
2.312697798032003e-01,7.422189899500874e-01
4.507124735809651e-01,7.056776653160195e-01
7.189318426126001e-01,2.839923667329622e-01
3.539155521529644e-01,5.533070333236085e-01
5.587866732592979e-01,4.162054578061205e-01
6.411869610178990e-01,3.255244397806437e-01
9.633741264359923e-01,8.855279680543987e-02
6.408609719216639e-01,3.833676485877492e-01
3.664807026693065e-01,6.902603405451040e-01
2.783365828699265e-01,6.489093042866088e-01
7.321908885529633e-01,1.656646775155219e-01
7.060891549263441e-01,2.885861159737902e-01
8.095535411118806e-01,1.460926480299731e-01
4.035770177476492e-01,5.054525486600339e-01
3.964993994180490e-01,5.133329562227016e-01
2.465002563592680e-01,7.572247597828455e-01
4.485861091570870e-01,5.962491762250265e-01
5.443520284484886e-01,3.283385539461223e-01
8.797872363941186e-01,1.917386962780943e-01
4.994790396025082e-01,5.298224044020772e-01
5.182192447363559e-01,5.493955643618079e-01
3.760214467190772e-01,6.921516032617780e-01
8.146372297126322e-01,2.689338016710244e-02
2.095832720774454e-01,7.165236462973019e-01
5.837778725187615e-01,5.649360929462648e-01
4.280757603826709e-01,4.153468821041614e-01
7.968929671193938e-01,1.059650305229045e-01
4.121467023527021e-01,5.877771474360675e-01
4.623097500525825e-01,5.543412181088218e-01
2.378640049900458e-01,6.630106403742112e-01
4.798855021277446e-01,6.292951141379679e-01
8.243551476353529e-01,1.715413054782046e-01
2.732415682916566e-01,7.709984781767080e-01
6.388286450347750e-01,2.248190029186531e-01
5.084365415905849e-01,5.408272691712765e-01
4.954816193249876e-01,4.516424760123805e-01
8.714409033737540e-01,2.221643923471933e-01
8.869865423828693e-01,1.724257717744795e-01
3.337307430213800e-01,5.509723046537174e-01
1.225321677128069e-01,6.898419202205077e-01
8.543845975363129e-01,1.569803082147017e-01
4.294600565855931e-01,6.678075559253580e-01
5.313498909311305e-01,4.027043010773455e-01
3.300588154259861e-01,7.844986762427734e-01
4.827621938105232e-01,5.662743665984201e-01
2.989402481802539e-01,6.150960660157163e-01
7.897822236340596e-01,1.873610556708903e-01
8.543074966271528e-01,1.439192330981299e-01
4.899700845324652e-01,5.252007123265371e-01
9.711048078993195e-01,1.122510091519849e-01
3.063996662919016e-01,6.557935814750432e-01
3.348364909447322e-01,7.405723792118470e-01
1.282317289165714e-01,6.257837402328119e-01
2.433678410406077e-01,6.394847680577470e-01
7.897553705925742e-01,1.631076284770216e-01
4.485699138021790e-01,4.773593507944514e-01
1.450352710238004e-01,8.089368553120236e-01
8.803994623688032e-01,9.034690140238200e-02
5.915747340757225e-01,4.264471035080306e-01
4.831492500894072e-01,4.299053796035812e-01
3.318581993044314e-01,6.568972228301833e-01
7.704244606574444e-01,3.502044512065505e-01
