0 (21.0, 5)
1 (71.0, 7)
2 (17.0, 5)
3 (25.0, 5)
0 (40.0, 6)
1 (36.0, 6)
2 (94.0, 7)
3 (60.0, 6)
0 (90.0, 7)
1 (25.0, 5)
2 (39.0, 6)
3 (43.0, 6)
0 (83.0, 7)
1 (97.0, 7)
2 (52.0, 6)
3 (84.0, 7)
0 (20.0, 5)
1 (57.0, 6)
2 (2.0, 2)
3 (41.0, 6)
0 (89.0, 7)
1 (20.0, 5)
2 (73.0, 7)
3 (92.0, 7)
0 (88.0, 7)
1 (55.0, 6)
2 (77.0, 7)
3 (43.0, 6)
0 (9.0, 4)
1 (52.0, 6)
2 (95.0, 7)
3 (26.0, 5)
0 (2.0, 2)
1 (97.0, 7)
2 (8.0, 4)
3 (85.0, 7)
0 (88.0, 7)
1 (87.0, 7)
2 (8.0, 4)
3 (36.0, 6)
0 (57.0, 6)
1 (54.0, 6)
2 (73.0, 7)
3 (66.0, 7)
0 (50.0, 6)
1 (14.0, 4)
2 (13.0, 4)
3 (63.0, 6)
0 (41.0, 6)
1 (25.0, 5)
2 (56.0, 6)
3 (29.0, 5)
0 (78.0, 7)
1 (81.0, 7)
2 (37.0, 6)
3 (49.0, 6)
0 (84.0, 7)
1 (66.0, 7)
2 (22.0, 5)
3 (60.0, 6)
0 (25.0, 5)
1 (31.0, 5)
2 (93.0, 7)
3 (24.0, 5)
0 (22.0, 5)
1 (3.0, 2)
2 (98.0, 7)
3 (18.0, 5)
0 (66.0, 7)
1 (42.0, 6)
2 (95.0, 7)
3 (30.0, 5)
0 (36.0, 6)
1 (56.0, 6)
2 (70.0, 7)
3 (53.0, 6)
0 (52.0, 6)
1 (14.0, 4)
2 (79.0, 7)
3 (29.0, 5)
0 (84.0, 7)
1 (12.0, 4)
2 (92.0, 7)
3 (79.0, 7)
0 (60.0, 6)
1 (63.0, 6)
2 (38.0, 6)
3 (70.0, 7)
0 (68.0, 7)
1 (50.0, 6)
2 (77.0, 7)
3 (30.0, 5)
0 (78.0, 7)
1 (11.0, 4)
2 (36.0, 6)
3 (1.0, 1)
0 (25.0, 5)
1 (92.0, 7)
2 (18.0, 5)
3 (29.0, 5)
0 (64.0, 7)
1 (39.0, 6)
2 (61.0, 6)
3 (94.0, 7)
0 (36.0, 6)
1 (56.0, 6)
2 (94.0, 7)
3 (69.0, 7)
0 (96.0, 7)
1 (50.0, 6)
2 (11.0, 4)
3 (53.0, 6)
0 (36.0, 6)
1 (23.0, 5)
2 (86.0, 7)
3 (100.0, 7)
0 (58.0, 6)
1 (41.0, 6)
2 (16.0, 5)
3 (67.0, 7)
0 (1.0, 1)
1 (80.0, 7)
2 (52.0, 6)
3 (13.0, 4)
0 (7.0, 3)
1 (49.0, 6)
2 (63.0, 6)
3 (78.0, 7)
0 (61.0, 6)
1 (78.0, 7)
2 (80.0, 7)
3 (31.0, 5)
0 (16.0, 5)
1 (87.0, 7)
2 (42.0, 6)
3 (28.0, 5)
0 (70.0, 7)
1 (24.0, 5)
2 (64.0, 7)
3 (83.0, 7)
0 (100.0, 7)
1 (26.0, 5)
2 (6.0, 3)
3 (32.0, 6)
0 (65.0, 7)
1 (48.0, 6)
2 (18.0, 5)
3 (63.0, 6)
0 (6.0, 3)
1 (96.0, 7)
2 (22.0, 5)
3 (46.0, 6)
0 (29.0, 5)
1 (91.0, 7)
2 (39.0, 6)
3 (60.0, 6)
0 (32.0, 6)
1 (8.0, 4)
2 (18.0, 5)
3 (27.0, 5)
0 (52.0, 6)
1 (84.0, 7)
2 (90.0, 7)
3 (31.0, 5)
0 (73.0, 7)
1 (36.0, 6)
2 (23.0, 5)
3 (66.0, 7)
0 (45.0, 6)
1 (12.0, 4)
2 (39.0, 6)
3 (60.0, 6)
0 (4.0, 3)
1 (99.0, 7)
2 (48.0, 6)
3 (92.0, 7)
0 (40.0, 6)
1 (3.0, 2)
2 (65.0, 7)
3 (20.0, 5)
0 (5.0, 3)
1 (87.0, 7)
2 (3.0, 2)
3 (86.0, 7)
0 (24.0, 5)
1 (44.0, 6)
2 (68.0, 7)
3 (71.0, 7)
0 (100.0, 7)
1 (64.0, 7)
2 (55.0, 6)
3 (45.0, 6)
0 (88.0, 7)
1 (10.0, 4)
2 (41.0, 6)
3 (13.0, 4)
0 (17.0, 5)
1 (97.0, 7)
2 (50.0, 6)
3 (2.0, 2)
0 (46.0, 6)
1 (2.0, 2)
2 (19.0, 5)
3 (41.0, 6)
0 (88.0, 7)
1 (44.0, 6)
2 (65.0, 7)
3 (37.0, 6)
0 (27.0, 5)
1 (39.0, 6)
2 (60.0, 6)
3 (81.0, 7)
0 (9.0, 4)
1 (92.0, 7)
2 (82.0, 7)
3 (17.0, 5)
0 (97.0, 7)
1 (18.0, 5)
2 (8.0, 4)
3 (67.0, 7)
0 (95.0, 7)
1 (92.0, 7)
2 (63.0, 6)
3 (5.0, 3)
0 (6.0, 3)
1 (58.0, 6)
2 (90.0, 7)
3 (85.0, 7)
0 (66.0, 7)
1 (51.0, 6)
2 (89.0, 7)
3 (32.0, 6)
0 (52.0, 6)
1 (95.0, 7)
2 (33.0, 6)
3 (28.0, 5)
0 (52.0, 6)
1 (53.0, 6)
2 (66.0, 7)
3 (58.0, 6)
0 (22.0, 5)
1 (36.0, 6)
2 (92.0, 7)
3 (4.0, 3)
0 (92.0, 7)
1 (99.0, 7)
2 (63.0, 6)
3 (33.0, 6)
0 (82.0, 7)
1 (89.0, 7)
2 (71.0, 7)
3 (18.0, 5)
0 (75.0, 7)
1 (87.0, 7)
2 (21.0, 5)
3 (11.0, 4)
0 (43.0, 6)
1 (93.0, 7)
2 (69.0, 7)
3 (67.0, 7)
0 (98.0, 7)
1 (55.0, 6)
2 (24.0, 5)
3 (96.0, 7)
0 (86.0, 7)
1 (39.0, 6)
2 (5.0, 3)
3 (86.0, 7)
0 (82.0, 7)
1 (31.0, 5)
2 (3.0, 2)
3 (70.0, 7)
0 (11.0, 4)
1 (11.0, 4)
2 (72.0, 7)
3 (33.0, 6)
0 (75.0, 7)
1 (63.0, 6)
2 (20.0, 5)
3 (70.0, 7)
0 (57.0, 6)
1 (34.0, 6)
2 (45.0, 6)
3 (26.0, 5)
0 (82.0, 7)
1 (44.0, 6)
2 (78.0, 7)
3 (43.0, 6)
0 (10.0, 4)
1 (82.0, 7)
2 (53.0, 6)
3 (94.0, 7)
0 (82.0, 7)
1 (30.0, 5)
2 (43.0, 6)
3 (5.0, 3)
0 (100.0, 7)
1 (98.0, 7)
2 (51.0, 6)
3 (33.0, 6)
0 (35.0, 6)
1 (31.0, 5)
2 (48.0, 6)
3 (99.0, 7)
0 (50.0, 6)
1 (5.0, 3)
2 (16.0, 5)
3 (33.0, 6)
0 (53.0, 6)
1 (98.0, 7)
2 (51.0, 6)
3 (67.0, 7)
0 (34.0, 6)
1 (71.0, 7)
2 (56.0, 6)
3 (28.0, 5)
0 (52.0, 6)
1 (19.0, 5)
2 (94.0, 7)
3 (28.0, 5)
0 (28.0, 5)
1 (90.0, 7)
2 (71.0, 7)
3 (37.0, 6)
0 (79.0, 7)
1 (20.0, 5)
2 (20.0, 5)
3 (91.0, 7)
0 (25.0, 5)
1 (89.0, 7)
2 (98.0, 7)
3 (66.0, 7)
0 (32.0, 6)
1 (14.0, 4)
2 (26.0, 5)
3 (28.0, 5)
0 (99.0, 7)
1 (25.0, 5)
2 (51.0, 6)
3 (89.0, 7)
0 (51.0, 6)
1 (70.0, 7)
2 (29.0, 5)
3 (70.0, 7)
0 (61.0, 6)
1 (65.0, 7)
2 (4.0, 3)
3 (18.0, 5)
0 (31.0, 5)
1 (15.0, 4)
2 (47.0, 6)
3 (7.0, 3)
0 (74.0, 7)
1 (36.0, 6)
2 (20.0, 5)
3 (55.0, 6)
0 (58.0, 6)
1 (12.0, 4)
2 (43.0, 6)
3 (87.0, 7)
0 (54.0, 6)
1 (2.0, 2)
2 (5.0, 3)
3 (30.0, 5)
0 (84.0, 7)
1 (61.0, 6)
2 (93.0, 7)
3 (75.0, 7)
0 (70.0, 7)
1 (65.0, 7)
2 (96.0, 7)
3 (45.0, 6)
0 (41.0, 6)
1 (68.0, 7)
2 (41.0, 6)
3 (72.0, 7)
0 (42.0, 6)
1 (24.0, 5)
2 (61.0, 6)
3 (7.0, 3)
0 (28.0, 5)
1 (61.0, 6)
2 (54.0, 6)
3 (59.0, 6)
0 (32.0, 6)
1 (8.0, 4)
2 (5.0, 3)
3 (40.0, 6)
0 (36.0, 6)
1 (33.0, 6)
2 (97.0, 7)
3 (22.0, 5)
0 (87.0, 7)
1 (28.0, 5)
2 (40.0, 6)
3 (55.0, 6)
0 (74.0, 7)
1 (30.0, 5)
2 (87.0, 7)
3 (78.0, 7)
0 (16.0, 5)
1 (94.0, 7)
2 (73.0, 7)
3 (40.0, 6)
0 (62.0, 6)
1 (47.0, 6)
2 (60.0, 6)
3 (41.0, 6)
0 (53.0, 6)
1 (42.0, 6)
2 (70.0, 7)
3 (83.0, 7)
0 (88.0, 7)
1 (44.0, 6)
2 (69.0, 7)
3 (2.0, 2)
0 (52.0, 6)
1 (41.0, 6)
2 (14.0, 4)
3 (52.0, 6)
0 (89.0, 7)
1 (27.0, 5)
2 (30.0, 5)
3 (24.0, 5)
0 (15.0, 4)
1 (10.0, 4)
2 (31.0, 5)
3 (22.0, 5)
0 (64.0, 7)
1 (40.0, 6)
2 (68.0, 7)
3 (98.0, 7)
0 (10.0, 4)
1 (84.0, 7)
2 (93.0, 7)
3 (90.0, 7)
0 (56.0, 6)
1 (45.0, 6)
2 (43.0, 6)
3 (56.0, 6)
0 (5.0, 3)
1 (24.0, 5)
2 (59.0, 6)
3 (43.0, 6)
0 (78.0, 7)
1 (44.0, 6)
2 (21.0, 5)
3 (67.0, 7)
0 (53.0, 6)
1 (58.0, 6)
2 (55.0, 6)
3 (34.0, 6)
0 (23.0, 5)
1 (58.0, 6)
2 (96.0, 7)
3 (76.0, 7)
0 (63.0, 6)
1 (17.0, 5)
2 (35.0, 6)
3 (95.0, 7)
0 (4.0, 3)
1 (68.0, 7)
2 (50.0, 6)
3 (85.0, 7)
0 (74.0, 7)
1 (35.0, 6)
2 (57.0, 6)
3 (96.0, 7)
0 (7.0, 3)
1 (95.0, 7)
2 (63.0, 6)
3 (38.0, 6)
0 (86.0, 7)
1 (27.0, 5)
2 (5.0, 3)
3 (2.0, 2)
0 (58.0, 6)
1 (74.0, 7)
2 (11.0, 4)
3 (6.0, 3)
0 (21.0, 5)
1 (97.0, 7)
2 (28.0, 5)
3 (89.0, 7)
0 (52.0, 6)
1 (53.0, 6)
2 (21.0, 5)
3 (25.0, 5)
0 (75.0, 7)
1 (33.0, 6)
2 (34.0, 6)
3 (23.0, 5)
0 (65.0, 7)
1 (59.0, 6)
2 (70.0, 7)
3 (47.0, 6)
0 (11.0, 4)
1 (93.0, 7)
2 (75.0, 7)
3 (53.0, 6)
0 (78.0, 7)
1 (63.0, 6)
2 (27.0, 5)
3 (37.0, 6)
0 (48.0, 6)
1 (18.0, 5)
2 (14.0, 4)
3 (65.0, 7)
0 (21.0, 5)
1 (22.0, 5)
2 (16.0, 5)
3 (4.0, 3)
0 (99.0, 7)
1 (84.0, 7)
2 (15.0, 4)
3 (26.0, 5)
0 (30.0, 5)
1 (54.0, 6)
2 (70.0, 7)
3 (72.0, 7)
0 (34.0, 6)
1 (21.0, 5)
2 (72.0, 7)
3 (30.0, 5)
0 (97.0, 7)
1 (32.0, 6)
2 (94.0, 7)
3 (96.0, 7)
0 (66.0, 7)
1 (45.0, 6)
2 (86.0, 7)
3 (55.0, 6)
0 (22.0, 5)
1 (51.0, 6)
2 (12.0, 4)
3 (97.0, 7)
0 (45.0, 6)
1 (37.0, 6)
2 (69.0, 7)
3 (89.0, 7)
0 (57.0, 6)
1 (37.0, 6)
2 (19.0, 5)
3 (4.0, 3)
0 (87.0, 7)
1 (22.0, 5)
2 (4.0, 3)
3 (98.0, 7)
0 (40.0, 6)
1 (28.0, 5)
2 (74.0, 7)
3 (59.0, 6)
0 (49.0, 6)
1 (69.0, 7)
2 (63.0, 6)
3 (58.0, 6)
0 (90.0, 7)
1 (32.0, 6)
2 (61.0, 6)
3 (35.0, 6)
0 (67.0, 7)
1 (40.0, 6)
2 (100.0, 7)
3 (43.0, 6)
0 (100.0, 7)
1 (87.0, 7)
2 (33.0, 6)
3 (41.0, 6)
0 (26.0, 5)
1 (32.0, 6)
2 (99.0, 7)
3 (78.0, 7)
0 (5.0, 3)
1 (56.0, 6)
2 (97.0, 7)
3 (22.0, 5)
0 (35.0, 6)
1 (65.0, 7)
2 (29.0, 5)
3 (43.0, 6)
0 (5.0, 3)
1 (68.0, 7)
2 (62.0, 6)
3 (65.0, 7)
0 (16.0, 5)
1 (46.0, 6)
2 (28.0, 5)
3 (5.0, 3)
0 (51.0, 6)
1 (78.0, 7)
2 (11.0, 4)
3 (24.0, 5)
0 (46.0, 6)
1 (14.0, 4)
2 (76.0, 7)
3 (31.0, 5)
0 (62.0, 6)
1 (55.0, 6)
2 (90.0, 7)
3 (9.0, 4)
0 (55.0, 6)
1 (49.0, 6)
2 (34.0, 6)
3 (48.0, 6)
0 (81.0, 7)
1 (7.0, 3)
2 (4.0, 3)
3 (47.0, 6)
0 (39.0, 6)
1 (92.0, 7)
2 (33.0, 6)
3 (54.0, 6)
0 (88.0, 7)
1 (47.0, 6)
2 (66.0, 7)
3 (91.0, 7)
0 (62.0, 6)
1 (85.0, 7)
2 (53.0, 6)
3 (64.0, 7)
0 (75.0, 7)
1 (55.0, 6)
2 (26.0, 5)
3 (38.0, 6)
0 (76.0, 7)
1 (9.0, 4)
2 (12.0, 4)
3 (98.0, 7)
0 (19.0, 5)
1 (76.0, 7)
2 (42.0, 6)
3 (67.0, 7)
0 (78.0, 7)
1 (96.0, 7)
2 (85.0, 7)
3 (43.0, 6)
0 (97.0, 7)
1 (86.0, 7)
2 (75.0, 7)
3 (26.0, 5)
0 (23.0, 5)
1 (37.0, 6)
2 (39.0, 6)
3 (43.0, 6)
0 (63.0, 6)
1 (4.0, 3)
2 (98.0, 7)
3 (40.0, 6)
0 (69.0, 7)
1 (19.0, 5)
2 (68.0, 7)
3 (90.0, 7)
0 (65.0, 7)
1 (23.0, 5)
2 (49.0, 6)
3 (23.0, 5)
0 (97.0, 7)
1 (61.0, 6)
2 (32.0, 6)
3 (10.0, 4)
0 (10.0, 4)
1 (59.0, 6)
2 (94.0, 7)
3 (51.0, 6)
0 (70.0, 7)
1 (74.0, 7)
2 (25.0, 5)
3 (88.0, 7)
0 (46.0, 6)
1 (61.0, 6)
2 (65.0, 7)
3 (55.0, 6)
0 (95.0, 7)
1 (20.0, 5)
2 (67.0, 7)
3 (68.0, 7)
0 (7.0, 3)
1 (50.0, 6)
2 (63.0, 6)
3 (89.0, 7)
0 (73.0, 7)
1 (50.0, 6)
2 (54.0, 6)
3 (73.0, 7)
0 (15.0, 4)
1 (55.0, 6)
2 (33.0, 6)
3 (1.0, 1)
0 (10.0, 4)
1 (12.0, 4)
2 (26.0, 5)
3 (40.0, 6)
0 (69.0, 7)
1 (25.0, 5)
2 (79.0, 7)
3 (88.0, 7)
0 (76.0, 7)
1 (69.0, 7)
2 (7.0, 3)
3 (88.0, 7)
0 (67.0, 7)
1 (98.0, 7)
2 (73.0, 7)
3 (78.0, 7)
0 (6.0, 3)
1 (24.0, 5)
2 (65.0, 7)
3 (30.0, 5)
0 (54.0, 6)
1 (62.0, 6)
2 (57.0, 6)
3 (42.0, 6)
0 (79.0, 7)
1 (77.0, 7)
2 (61.0, 6)
3 (27.0, 5)
0 (27.0, 5)
1 (51.0, 6)
2 (63.0, 6)
3 (10.0, 4)
0 (1.0, 1)
1 (59.0, 6)
2 (70.0, 7)
3 (27.0, 5)
0 (53.0, 6)
1 (15.0, 4)
2 (14.0, 4)
3 (26.0, 5)
0 (64.0, 7)
1 (93.0, 7)
2 (25.0, 5)
3 (47.0, 6)
0 (60.0, 6)
1 (46.0, 6)
2 (80.0, 7)
3 (30.0, 5)
0 (74.0, 7)
1 (79.0, 7)
2 (84.0, 7)
3 (37.0, 6)
0 (14.0, 4)
1 (91.0, 7)
2 (81.0, 7)
3 (100.0, 7)
0 (38.0, 6)
1 (75.0, 7)
2 (73.0, 7)
3 (4.0, 3)
0 (94.0, 7)
1 (29.0, 5)
2 (46.0, 6)
3 (58.0, 6)
0 (10.0, 4)
1 (65.0, 7)
2 (2.0, 2)
3 (97.0, 7)
0 (23.0, 5)
1 (48.0, 6)
2 (30.0, 5)
3 (16.0, 5)
0 (65.0, 7)
1 (78.0, 7)
2 (24.0, 5)
3 (92.0, 7)
0 (43.0, 6)
1 (70.0, 7)
2 (87.0, 7)
3 (67.0, 7)
0 (60.0, 6)
1 (39.0, 6)
2 (70.0, 7)
3 (30.0, 5)
0 (43.0, 6)
1 (65.0, 7)
2 (49.0, 6)
3 (31.0, 5)
0 (3.0, 2)
1 (93.0, 7)
2 (54.0, 6)
3 (78.0, 7)
0 (86.0, 7)
1 (20.0, 5)
2 (16.0, 5)
3 (62.0, 6)
0 (30.0, 5)
1 (77.0, 7)
2 (67.0, 7)
3 (78.0, 7)
0 (86.0, 7)
1 (98.0, 7)
2 (57.0, 6)
3 (80.0, 7)
0 (13.0, 4)
1 (51.0, 6)
2 (65.0, 7)
3 (59.0, 6)
0 (49.0, 6)
1 (83.0, 7)
2 (99.0, 7)
3 (100.0, 7)
0 (81.0, 7)
1 (54.0, 6)
2 (79.0, 7)
3 (96.0, 7)
0 (73.0, 7)
1 (6.0, 3)
2 (69.0, 7)
3 (51.0, 6)
0 (51.0, 6)
1 (85.0, 7)
2 (50.0, 6)
3 (37.0, 6)
0 (61.0, 6)
1 (73.0, 7)
2 (96.0, 7)
3 (43.0, 6)
0 (26.0, 5)
1 (69.0, 7)
2 (18.0, 5)
3 (12.0, 4)
0 (50.0, 6)
1 (15.0, 4)
2 (67.0, 7)
3 (96.0, 7)
0 (51.0, 6)
1 (73.0, 7)
2 (80.0, 7)
3 (82.0, 7)
0 (14.0, 4)
1 (46.0, 6)
2 (15.0, 4)
3 (2.0, 2)
0 (47.0, 6)
1 (64.0, 7)
2 (30.0, 5)
3 (94.0, 7)
0 (57.0, 6)
1 (29.0, 5)
2 (71.0, 7)
3 (53.0, 6)
0 (57.0, 6)
1 (22.0, 5)
2 (100.0, 7)
3 (26.0, 5)
0 (65.0, 7)
1 (55.0, 6)
2 (66.0, 7)
3 (20.0, 5)
0 (58.0, 6)
1 (20.0, 5)
2 (31.0, 5)
3 (91.0, 7)
0 (90.0, 7)
1 (46.0, 6)
2 (100.0, 7)
3 (21.0, 5)
0 (4.0, 3)
1 (94.0, 7)
2 (79.0, 7)
3 (44.0, 6)
0 (33.0, 6)
1 (36.0, 6)
2 (85.0, 7)
3 (36.0, 6)
0 (72.0, 7)
1 (71.0, 7)
2 (49.0, 6)
3 (41.0, 6)
0 (67.0, 7)
1 (76.0, 7)
2 (68.0, 7)
3 (70.0, 7)
0 (71.0, 7)
1 (86.0, 7)
2 (92.0, 7)
3 (38.0, 6)
0 (87.0, 7)
1 (18.0, 5)
2 (30.0, 5)
3 (35.0, 6)
0 (42.0, 6)
1 (88.0, 7)
2 (88.0, 7)
3 (81.0, 7)
0 (95.0, 7)
1 (42.0, 6)
2 (5.0, 3)
3 (19.0, 5)
0 (33.0, 6)
1 (69.0, 7)
2 (42.0, 6)
3 (51.0, 6)
0 (54.0, 6)
1 (74.0, 7)
2 (6.0, 3)
3 (70.0, 7)
0 (29.0, 5)
1 (83.0, 7)
2 (3.0, 2)
3 (64.0, 7)
0 (73.0, 7)
1 (37.0, 6)
2 (78.0, 7)
3 (74.0, 7)
0 (95.0, 7)
1 (23.0, 5)
2 (23.0, 5)
3 (52.0, 6)
0 (78.0, 7)
1 (78.0, 7)
2 (30.0, 5)
3 (96.0, 7)
0 (73.0, 7)
1 (66.0, 7)
2 (18.0, 5)
3 (79.0, 7)
0 (98.0, 7)
1 (20.0, 5)
2 (80.0, 7)
3 (40.0, 6)
0 (84.0, 7)
1 (98.0, 7)
2 (33.0, 6)
3 (72.0, 7)
0 (47.0, 6)
1 (53.0, 6)
2 (82.0, 7)
3 (33.0, 6)
0 (86.0, 7)
1 (54.0, 6)
2 (9.0, 4)
3 (56.0, 6)
0 (70.0, 7)
1 (89.0, 7)
2 (1.0, 1)
3 (23.0, 5)
0 (9.0, 4)
1 (82.0, 7)
2 (62.0, 6)
3 (98.0, 7)
0 (20.0, 5)
1 (30.0, 5)
2 (45.0, 6)
3 (54.0, 6)
0 (7.0, 3)
1 (22.0, 5)
2 (28.0, 5)
3 (56.0, 6)
0 (34.0, 6)
1 (61.0, 6)
2 (32.0, 6)
3 (34.0, 6)
0 (1.0, 1)
1 (97.0, 7)
2 (66.0, 7)
3 (49.0, 6)
0 (24.0, 5)
1 (17.0, 5)
2 (35.0, 6)
3 (26.0, 5)
0 (44.0, 6)
1 (23.0, 5)
2 (83.0, 7)
3 (67.0, 7)
0 (87.0, 7)
1 (4.0, 3)
2 (56.0, 6)
3 (12.0, 4)
0 (15.0, 4)
1 (35.0, 6)
2 (66.0, 7)
3 (48.0, 6)
0 (45.0, 6)
1 (3.0, 2)
2 (3.0, 2)
3 (63.0, 6)
0 (20.0, 5)
1 (54.0, 6)
2 (17.0, 5)
3 (58.0, 6)
0 (89.0, 7)
1 (21.0, 5)
2 (96.0, 7)
3 (65.0, 7)
0 (18.0, 5)
1 (72.0, 7)
2 (19.0, 5)
3 (66.0, 7)
0 (12.0, 4)
1 (79.0, 7)
2 (13.0, 4)
3 (19.0, 5)
0 (5.0, 3)
1 (94.0, 7)
2 (41.0, 6)
3 (1.0, 1)
0 (61.0, 6)
1 (100.0, 7)
2 (23.0, 5)
3 (11.0, 4)
0 (24.0, 5)
1 (33.0, 6)
2 (52.0, 6)
3 (23.0, 5)
0 (96.0, 7)
1 (7.0, 3)
2 (42.0, 6)
3 (20.0, 5)
0 (21.0, 5)
1 (56.0, 6)
2 (23.0, 5)
3 (86.0, 7)
0 (94.0, 7)
1 (95.0, 7)
2 (70.0, 7)
3 (67.0, 7)
0 (78.0, 7)
1 (34.0, 6)
2 (66.0, 7)
3 (100.0, 7)
0 (28.0, 5)
1 (7.0, 3)
2 (19.0, 5)
3 (48.0, 6)
0 (64.0, 7)
1 (68.0, 7)
2 (53.0, 6)
3 (44.0, 6)
0 (17.0, 5)
1 (65.0, 7)
2 (28.0, 5)
3 (2.0, 2)
0 (79.0, 7)
1 (44.0, 6)
2 (56.0, 6)
3 (9.0, 4)
0 (7.0, 3)
1 (1.0, 1)
2 (19.0, 5)
3 (26.0, 5)
0 (85.0, 7)
1 (6.0, 3)
2 (39.0, 6)
3 (14.0, 4)
0 (87.0, 7)
1 (22.0, 5)
2 (77.0, 7)
3 (69.0, 7)
0 (50.0, 6)
1 (65.0, 7)
2 (66.0, 7)
3 (94.0, 7)
0 (95.0, 7)
1 (70.0, 7)
2 (88.0, 7)
3 (16.0, 5)
0 (9.0, 4)
1 (30.0, 5)
2 (82.0, 7)
3 (10.0, 4)
0 (57.0, 6)
1 (75.0, 7)
2 (70.0, 7)
3 (85.0, 7)
0 (45.0, 6)
1 (18.0, 5)
2 (25.0, 5)
3 (26.0, 5)
0 (91.0, 7)
1 (81.0, 7)
2 (71.0, 7)
3 (45.0, 6)
0 (81.0, 7)
1 (83.0, 7)
2 (95.0, 7)
3 (25.0, 5)
0 (39.0, 6)
1 (88.0, 7)
2 (67.0, 7)
3 (86.0, 7)
0 (69.0, 7)
1 (51.0, 6)
2 (77.0, 7)
3 (56.0, 6)
0 (26.0, 5)
1 (21.0, 5)
2 (46.0, 6)
3 (16.0, 5)
0 (2.0, 2)
1 (57.0, 6)
2 (63.0, 6)
3 (85.0, 7)
0 (32.0, 6)
1 (37.0, 6)
2 (89.0, 7)
3 (94.0, 7)
0 (85.0, 7)
1 (83.0, 7)
2 (21.0, 5)
3 (49.0, 6)
0 (67.0, 7)
1 (4.0, 3)
2 (13.0, 4)
3 (31.0, 5)
0 (8.0, 4)
1 (15.0, 4)
2 (72.0, 7)
3 (45.0, 6)
0 (56.0, 6)
1 (34.0, 6)
2 (41.0, 6)
3 (99.0, 7)
0 (32.0, 6)
1 (24.0, 5)
2 (9.0, 4)
3 (17.0, 5)
0 (90.0, 7)
1 (74.0, 7)
2 (89.0, 7)
3 (17.0, 5)
0 (27.0, 5)
1 (94.0, 7)
2 (42.0, 6)
3 (74.0, 7)
0 (86.0, 7)
1 (48.0, 6)
2 (67.0, 7)
3 (97.0, 7)
0 (75.0, 7)
1 (31.0, 5)
2 (7.0, 3)
3 (68.0, 7)
0 (29.0, 5)
1 (19.0, 5)
2 (23.0, 5)
3 (20.0, 5)
0 (83.0, 7)
1 (64.0, 7)
2 (14.0, 4)
3 (87.0, 7)
0 (16.0, 5)
1 (47.0, 6)
2 (17.0, 5)
3 (17.0, 5)
0 (53.0, 6)
1 (95.0, 7)
2 (17.0, 5)
3 (95.0, 7)
0 (74.0, 7)
1 (83.0, 7)
2 (75.0, 7)
3 (63.0, 6)
0 (74.0, 7)
1 (54.0, 6)
2 (71.0, 7)
3 (35.0, 6)
0 (48.0, 6)
1 (71.0, 7)
2 (46.0, 6)
3 (8.0, 4)
0 (15.0, 4)
1 (95.0, 7)
2 (16.0, 5)
3 (34.0, 6)
0 (71.0, 7)
1 (21.0, 5)
2 (5.0, 3)
3 (52.0, 6)
0 (17.0, 5)
1 (58.0, 6)
2 (94.0, 7)
3 (97.0, 7)
0 (22.0, 5)
1 (96.0, 7)
2 (39.0, 6)
3 (90.0, 7)
0 (33.0, 6)
1 (16.0, 5)
2 (27.0, 5)
3 (68.0, 7)
0 (11.0, 4)
1 (16.0, 5)
2 (79.0, 7)
3 (25.0, 5)
0 (87.0, 7)
1 (77.0, 7)
2 (88.0, 7)
3 (80.0, 7)
0 (54.0, 6)
1 (89.0, 7)
2 (81.0, 7)
3 (97.0, 7)
0 (44.0, 6)
1 (12.0, 4)
2 (11.0, 4)
3 (64.0, 7)
0 (28.0, 5)
1 (89.0, 7)
2 (40.0, 6)
3 (18.0, 5)
0 (79.0, 7)
1 (81.0, 7)
2 (65.0, 7)
3 (16.0, 5)
0 (78.0, 7)
1 (31.0, 5)
2 (53.0, 6)
3 (96.0, 7)
0 (36.0, 6)
1 (4.0, 3)
2 (23.0, 5)
3 (51.0, 6)
0 (29.0, 5)
1 (34.0, 6)
2 (52.0, 6)
3 (6.0, 3)
0 (41.0, 6)
1 (35.0, 6)
2 (43.0, 6)
3 (5.0, 3)
0 (78.0, 7)
1 (94.0, 7)
2 (5.0, 3)
3 (10.0, 4)
0 (16.0, 5)
1 (42.0, 6)
2 (34.0, 6)
3 (18.0, 5)
0 (51.0, 6)
1 (93.0, 7)
2 (29.0, 5)
3 (17.0, 5)
0 (52.0, 6)
1 (59.0, 6)
2 (67.0, 7)
3 (5.0, 3)
0 (75.0, 7)
1 (62.0, 6)
2 (11.0, 4)
3 (6.0, 3)
0 (48.0, 6)
1 (62.0, 6)
2 (100.0, 7)
3 (10.0, 4)
0 (29.0, 5)
1 (29.0, 5)
2 (70.0, 7)
3 (54.0, 6)
0 (61.0, 6)
1 (14.0, 4)
2 (34.0, 6)
3 (15.0, 4)
0 (96.0, 7)
1 (28.0, 5)
2 (50.0, 6)
3 (11.0, 4)
0 (44.0, 6)
1 (57.0, 6)
2 (18.0, 5)
3 (85.0, 7)
0 (31.0, 5)
1 (4.0, 3)
2 (65.0, 7)
3 (54.0, 6)
0 (72.0, 7)
1 (54.0, 6)
2 (23.0, 5)
3 (52.0, 6)
0 (63.0, 6)
1 (33.0, 6)
2 (32.0, 6)
3 (62.0, 6)
0 (27.0, 5)
1 (47.0, 6)
2 (17.0, 5)
3 (61.0, 6)
0 (71.0, 7)
1 (1.0, 1)
2 (83.0, 7)
3 (51.0, 6)
0 (93.0, 7)
1 (22.0, 5)
2 (15.0, 4)
3 (67.0, 7)
0 (58.0, 6)
1 (72.0, 7)
2 (16.0, 5)
3 (5.0, 3)
0 (45.0, 6)
1 (1.0, 1)
2 (29.0, 5)
3 (93.0, 7)
0 (86.0, 7)
1 (3.0, 2)
2 (82.0, 7)
3 (76.0, 7)
0 (59.0, 6)
1 (32.0, 6)
2 (41.0, 6)
3 (76.0, 7)
0 (63.0, 6)
1 (25.0, 5)
2 (11.0, 4)
3 (75.0, 7)
0 (3.0, 2)
1 (80.0, 7)
2 (29.0, 5)
3 (49.0, 6)
0 (45.0, 6)
1 (43.0, 6)
2 (90.0, 7)
3 (99.0, 7)
0 (40.0, 6)
1 (91.0, 7)
2 (55.0, 6)
3 (9.0, 4)
0 (85.0, 7)
1 (13.0, 4)
2 (55.0, 6)
3 (91.0, 7)
0 (65.0, 7)
1 (50.0, 6)
2 (45.0, 6)
3 (79.0, 7)
0 (51.0, 6)
1 (46.0, 6)
2 (84.0, 7)
3 (4.0, 3)
0 (43.0, 6)
1 (47.0, 6)
2 (91.0, 7)
3 (25.0, 5)
0 (71.0, 7)
1 (82.0, 7)
2 (24.0, 5)
3 (34.0, 6)
0 (63.0, 6)
1 (84.0, 7)
2 (73.0, 7)
3 (56.0, 6)
0 (11.0, 4)
1 (59.0, 6)
2 (87.0, 7)
3 (47.0, 6)
0 (34.0, 6)
1 (91.0, 7)
2 (94.0, 7)
3 (64.0, 7)
0 (88.0, 7)
1 (53.0, 6)
2 (20.0, 5)
3 (6.0, 3)
0 (64.0, 7)
1 (72.0, 7)
2 (68.0, 7)
3 (85.0, 7)
0 (32.0, 6)
1 (1.0, 1)
2 (48.0, 6)
3 (1.0, 1)
0 (94.0, 7)
1 (92.0, 7)
2 (43.0, 6)
3 (13.0, 4)
0 (44.0, 6)
1 (69.0, 7)
2 (96.0, 7)
3 (34.0, 6)
0 (7.0, 3)
1 (21.0, 5)
2 (68.0, 7)
3 (18.0, 5)
0 (28.0, 5)
1 (38.0, 6)
2 (21.0, 5)
3 (86.0, 7)
0 (52.0, 6)
1 (23.0, 5)
2 (38.0, 6)
3 (86.0, 7)
0 (63.0, 6)
1 (69.0, 7)
2 (61.0, 6)
3 (37.0, 6)
0 (79.0, 7)
1 (29.0, 5)
2 (11.0, 4)
3 (70.0, 7)
0 (4.0, 3)
1 (94.0, 7)
2 (55.0, 6)
3 (57.0, 6)
0 (66.0, 7)
1 (74.0, 7)
2 (81.0, 7)
3 (61.0, 6)
0 (54.0, 6)
1 (59.0, 6)
2 (99.0, 7)
3 (53.0, 6)
0 (27.0, 5)
1 (32.0, 6)
2 (87.0, 7)
3 (34.0, 6)
0 (93.0, 7)
1 (15.0, 4)
2 (33.0, 6)
3 (51.0, 6)
0 (52.0, 6)
1 (18.0, 5)
2 (91.0, 7)
3 (8.0, 4)
0 (81.0, 7)
1 (32.0, 6)
2 (70.0, 7)
3 (37.0, 6)
0 (65.0, 7)
1 (80.0, 7)
2 (42.0, 6)
3 (76.0, 7)
0 (19.0, 5)
1 (10.0, 4)
2 (53.0, 6)
3 (45.0, 6)
0 (82.0, 7)
1 (78.0, 7)
2 (51.0, 6)
3 (50.0, 6)
0 (81.0, 7)
1 (34.0, 6)
2 (82.0, 7)
3 (65.0, 7)
0 (18.0, 5)
1 (68.0, 7)
2 (99.0, 7)
3 (8.0, 4)
0 (45.0, 6)
1 (42.0, 6)
2 (54.0, 6)
3 (9.0, 4)
0 (67.0, 7)
1 (40.0, 6)
2 (84.0, 7)
3 (95.0, 7)
0 (12.0, 4)
1 (73.0, 7)
2 (42.0, 6)
3 (66.0, 7)
0 (30.0, 5)
1 (42.0, 6)
2 (53.0, 6)
3 (5.0, 3)
0 (38.0, 6)
1 (38.0, 6)
2 (14.0, 4)
3 (58.0, 6)
0 (29.0, 5)
1 (88.0, 7)
2 (82.0, 7)
3 (34.0, 6)
0 (9.0, 4)
1 (76.0, 7)
2 (100.0, 7)
3 (38.0, 6)
0 (90.0, 7)
1 (12.0, 4)
2 (38.0, 6)
3 (66.0, 7)
0 (50.0, 6)
1 (75.0, 7)
2 (51.0, 6)
3 (7.0, 3)
0 (82.0, 7)
1 (22.0, 5)
2 (40.0, 6)
3 (5.0, 3)
0 (45.0, 6)
1 (92.0, 7)
2 (57.0, 6)
3 (80.0, 7)
0 (23.0, 5)
1 (75.0, 7)
2 (94.0, 7)
3 (1.0, 1)
0 (46.0, 6)
1 (45.0, 6)
2 (67.0, 7)
3 (6.0, 3)
0 (22.0, 5)
1 (51.0, 6)
2 (85.0, 7)
3 (31.0, 5)
0 (23.0, 5)
1 (28.0, 5)
2 (73.0, 7)
3 (97.0, 7)
0 (24.0, 5)
1 (49.0, 6)
2 (4.0, 3)
3 (91.0, 7)
0 (91.0, 7)
1 (54.0, 6)
2 (97.0, 7)
3 (25.0, 5)
0 (59.0, 6)
1 (14.0, 4)
2 (36.0, 6)
3 (8.0, 4)
0 (64.0, 7)
1 (16.0, 5)
2 (60.0, 6)
3 (24.0, 5)
0 (42.0, 6)
1 (5.0, 3)
2 (49.0, 6)
3 (53.0, 6)
0 (54.0, 6)
1 (30.0, 5)
2 (28.0, 5)
3 (66.0, 7)
0 (40.0, 6)
1 (19.0, 5)
2 (84.0, 7)
3 (67.0, 7)
0 (67.0, 7)
1 (79.0, 7)
2 (58.0, 6)
3 (39.0, 6)
0 (31.0, 5)
1 (44.0, 6)
2 (69.0, 7)
3 (6.0, 3)
0 (28.0, 5)
1 (31.0, 5)
2 (77.0, 7)
3 (21.0, 5)
0 (22.0, 5)
1 (56.0, 6)
2 (27.0, 5)
3 (99.0, 7)
0 (52.0, 6)
1 (14.0, 4)
2 (2.0, 2)
3 (100.0, 7)
0 (7.0, 3)
1 (90.0, 7)
2 (24.0, 5)
3 (2.0, 2)
0 (49.0, 6)
1 (3.0, 2)
2 (53.0, 6)
3 (34.0, 6)
0 (96.0, 7)
1 (45.0, 6)
2 (77.0, 7)
3 (15.0, 4)
0 (64.0, 7)
1 (24.0, 5)
2 (21.0, 5)
3 (79.0, 7)
0 (35.0, 6)
1 (11.0, 4)
2 (64.0, 7)
3 (73.0, 7)
0 (92.0, 7)
1 (7.0, 3)
2 (56.0, 6)
3 (85.0, 7)
0 (56.0, 6)
1 (27.0, 5)
2 (38.0, 6)
3 (25.0, 5)
0 (99.0, 7)
1 (81.0, 7)
2 (62.0, 6)
3 (22.0, 5)
0 (70.0, 7)
1 (17.0, 5)
2 (93.0, 7)
3 (61.0, 6)
0 (76.0, 7)
1 (61.0, 6)
2 (100.0, 7)
3 (20.0, 5)
0 (27.0, 5)
1 (54.0, 6)
2 (94.0, 7)
3 (66.0, 7)
0 (74.0, 7)
1 (44.0, 6)
2 (7.0, 3)
3 (76.0, 7)
0 (6.0, 3)
1 (30.0, 5)
2 (76.0, 7)
3 (91.0, 7)
0 (12.0, 4)
1 (31.0, 5)
2 (9.0, 4)
3 (100.0, 7)
0 (26.0, 5)
1 (16.0, 5)
2 (55.0, 6)
3 (49.0, 6)
0 (56.0, 6)
1 (31.0, 5)
2 (12.0, 4)
3 (58.0, 6)
0 (69.0, 7)
1 (82.0, 7)
2 (75.0, 7)
3 (39.0, 6)
0 (35.0, 6)
1 (76.0, 7)
2 (11.0, 4)
3 (36.0, 6)
0 (91.0, 7)
1 (66.0, 7)
2 (77.0, 7)
3 (72.0, 7)
0 (42.0, 6)
1 (20.0, 5)
2 (33.0, 6)
3 (73.0, 7)
0 (15.0, 4)
1 (66.0, 7)
2 (65.0, 7)
3 (44.0, 6)
0 (10.0, 4)
1 (84.0, 7)
2 (35.0, 6)
3 (48.0, 6)
0 (39.0, 6)
1 (51.0, 6)
2 (6.0, 3)
3 (55.0, 6)
0 (11.0, 4)
1 (57.0, 6)
2 (2.0, 2)
3 (63.0, 6)
0 (47.0, 6)
1 (8.0, 4)
2 (49.0, 6)
3 (2.0, 2)
0 (79.0, 7)
1 (19.0, 5)
2 (31.0, 5)
3 (15.0, 4)
0 (26.0, 5)
1 (12.0, 4)
2 (99.0, 7)
3 (25.0, 5)
0 (24.0, 5)
1 (48.0, 6)
2 (99.0, 7)
3 (74.0, 7)
0 (70.0, 7)
1 (41.0, 6)
2 (86.0, 7)
3 (21.0, 5)
0 (47.0, 6)
1 (52.0, 6)
2 (73.0, 7)
3 (62.0, 6)
0 (38.0, 6)
1 (43.0, 6)
2 (23.0, 5)
3 (71.0, 7)
0 (96.0, 7)
1 (4.0, 3)
2 (66.0, 7)
3 (98.0, 7)
0 (57.0, 6)
1 (9.0, 4)
2 (26.0, 5)
3 (72.0, 7)
0 (30.0, 5)
1 (82.0, 7)
2 (17.0, 5)
3 (10.0, 4)
0 (51.0, 6)
1 (50.0, 6)
2 (6.0, 3)
3 (77.0, 7)
0 (46.0, 6)
1 (65.0, 7)
2 (91.0, 7)
3 (80.0, 7)
0 (59.0, 6)
1 (28.0, 5)
2 (63.0, 6)
3 (37.0, 6)
0 (53.0, 6)
1 (11.0, 4)
2 (67.0, 7)
3 (31.0, 5)
0 (20.0, 5)
1 (62.0, 6)
2 (30.0, 5)
3 (58.0, 6)
0 (69.0, 7)
1 (17.0, 5)
2 (16.0, 5)
3 (43.0, 6)
0 (61.0, 6)
1 (87.0, 7)
2 (96.0, 7)
3 (83.0, 7)
0 (5.0, 3)
1 (73.0, 7)
2 (68.0, 7)
3 (18.0, 5)
0 (89.0, 7)
1 (26.0, 5)
2 (56.0, 6)
3 (55.0, 6)
0 (2.0, 2)
1 (33.0, 6)
2 (80.0, 7)
3 (55.0, 6)
0 (89.0, 7)
1 (16.0, 5)
2 (3.0, 2)
3 (80.0, 7)
0 (56.0, 6)
1 (6.0, 3)
2 (91.0, 7)
3 (16.0, 5)
0 (96.0, 7)
1 (8.0, 4)
2 (62.0, 6)
3 (95.0, 7)
0 (75.0, 7)
1 (14.0, 4)
2 (42.0, 6)
3 (61.0, 6)
0 (82.0, 7)
1 (42.0, 6)
2 (2.0, 2)
3 (18.0, 5)
0 (14.0, 4)
1 (87.0, 7)
2 (58.0, 6)
3 (72.0, 7)
0 (22.0, 5)
1 (10.0, 4)
2 (37.0, 6)
3 (27.0, 5)
0 (10.0, 4)
1 (42.0, 6)
2 (50.0, 6)
3 (49.0, 6)
0 (32.0, 6)
1 (62.0, 6)
2 (21.0, 5)
3 (27.0, 5)
0 (84.0, 7)
1 (21.0, 5)
2 (62.0, 6)
3 (59.0, 6)
0 (60.0, 6)
1 (46.0, 6)
2 (79.0, 7)
3 (97.0, 7)
0 (31.0, 5)
1 (10.0, 4)
2 (9.0, 4)
3 (73.0, 7)
0 (37.0, 6)
1 (19.0, 5)
2 (51.0, 6)
3 (12.0, 4)
0 (74.0, 7)
1 (51.0, 6)
2 (45.0, 6)
3 (4.0, 3)
0 (39.0, 6)
1 (70.0, 7)
2 (16.0, 5)
3 (64.0, 7)
0 (4.0, 3)
1 (7.0, 3)
2 (24.0, 5)
3 (69.0, 7)
0 (32.0, 6)
1 (77.0, 7)
2 (57.0, 6)
3 (72.0, 7)
0 (89.0, 7)
1 (64.0, 7)
2 (97.0, 7)
3 (46.0, 6)
0 (72.0, 7)
1 (50.0, 6)
2 (57.0, 6)
3 (43.0, 6)
0 (27.0, 5)
1 (85.0, 7)
2 (82.0, 7)
3 (27.0, 5)
0 (92.0, 7)
1 (2.0, 2)
2 (44.0, 6)
3 (1.0, 1)
0 (16.0, 5)
1 (67.0, 7)
2 (41.0, 6)
3 (5.0, 3)
0 (53.0, 6)
1 (66.0, 7)
2 (73.0, 7)
3 (56.0, 6)
0 (68.0, 7)
1 (98.0, 7)
2 (7.0, 3)
3 (91.0, 7)
0 (44.0, 6)
1 (52.0, 6)
2 (10.0, 4)
3 (95.0, 7)
0 (1.0, 1)
1 (44.0, 6)
2 (17.0, 5)
3 (78.0, 7)
0 (25.0, 5)
1 (16.0, 5)
2 (5.0, 3)
3 (23.0, 5)
0 (37.0, 6)
1 (18.0, 5)
2 (8.0, 4)
3 (38.0, 6)
0 (20.0, 5)
1 (65.0, 7)
2 (63.0, 6)
3 (46.0, 6)
0 (35.0, 6)
1 (31.0, 5)
2 (39.0, 6)
3 (77.0, 7)
0 (49.0, 6)
1 (21.0, 5)
2 (96.0, 7)
3 (65.0, 7)
0 (8.0, 4)
1 (65.0, 7)
2 (88.0, 7)
3 (34.0, 6)
0 (3.0, 2)
1 (21.0, 5)
2 (22.0, 5)
3 (5.0, 3)
0 (89.0, 7)
1 (90.0, 7)
2 (96.0, 7)
3 (74.0, 7)
0 (68.0, 7)
1 (25.0, 5)
2 (6.0, 3)
3 (100.0, 7)
0 (11.0, 4)
1 (23.0, 5)
2 (39.0, 6)
3 (63.0, 6)
0 (44.0, 6)
1 (46.0, 6)
2 (82.0, 7)
3 (70.0, 7)
0 (23.0, 5)
1 (22.0, 5)
2 (20.0, 5)
3 (20.0, 5)
0 (83.0, 7)
1 (61.0, 6)
2 (44.0, 6)
3 (7.0, 3)
0 (62.0, 6)
1 (49.0, 6)
2 (90.0, 7)
3 (28.0, 5)
0 (2.0, 2)
1 (90.0, 7)
2 (1.0, 1)
3 (17.0, 5)
0 (74.0, 7)
1 (80.0, 7)
2 (49.0, 6)
3 (35.0, 6)
0 (10.0, 4)
1 (31.0, 5)
2 (68.0, 7)
3 (39.0, 6)
0 (39.0, 6)
1 (21.0, 5)
2 (86.0, 7)
3 (68.0, 7)
0 (87.0, 7)
1 (38.0, 6)
2 (74.0, 7)
3 (72.0, 7)
0 (70.0, 7)
1 (39.0, 6)
2 (10.0, 4)
3 (63.0, 6)
0 (73.0, 7)
1 (60.0, 6)
2 (96.0, 7)
3 (80.0, 7)
0 (2.0, 2)
1 (16.0, 5)
2 (35.0, 6)
3 (51.0, 6)
0 (36.0, 6)
1 (38.0, 6)
2 (3.0, 2)
3 (2.0, 2)
0 (42.0, 6)
1 (59.0, 6)
2 (32.0, 6)
3 (97.0, 7)
0 (89.0, 7)
1 (95.0, 7)
2 (77.0, 7)
3 (65.0, 7)
0 (63.0, 6)
1 (75.0, 7)
2 (89.0, 7)
3 (61.0, 6)
0 (97.0, 7)
1 (10.0, 4)
2 (35.0, 6)
3 (69.0, 7)
0 (48.0, 6)
1 (10.0, 4)
2 (83.0, 7)
3 (95.0, 7)
0 (1.0, 1)
1 (66.0, 7)
2 (9.0, 4)
3 (4.0, 3)
0 (87.0, 7)
1 (20.0, 5)
2 (77.0, 7)
3 (79.0, 7)
0 (31.0, 5)
1 (67.0, 7)
2 (30.0, 5)
3 (32.0, 6)
0 (11.0, 4)
1 (9.0, 4)
2 (1.0, 1)
3 (44.0, 6)
0 (36.0, 6)
1 (63.0, 6)
2 (72.0, 7)
3 (79.0, 7)
0 (86.0, 7)
1 (9.0, 4)
2 (82.0, 7)
3 (53.0, 6)
0 (93.0, 7)
1 (24.0, 5)
2 (64.0, 7)
3 (8.0, 4)
0 (57.0, 6)
1 (96.0, 7)
2 (63.0, 6)
3 (22.0, 5)
0 (62.0, 6)
1 (27.0, 5)
2 (28.0, 5)
3 (5.0, 3)
0 (19.0, 5)
1 (13.0, 4)
2 (24.0, 5)
3 (62.0, 6)
0 (21.0, 5)
1 (23.0, 5)
2 (55.0, 6)
3 (31.0, 5)
0 (40.0, 6)
1 (99.0, 7)
2 (65.0, 7)
3 (3.0, 2)
0 (2.0, 2)
1 (75.0, 7)
2 (82.0, 7)
3 (50.0, 6)
0 (5.0, 3)
1 (10.0, 4)
2 (87.0, 7)
3 (56.0, 6)
0 (72.0, 7)
1 (26.0, 5)
2 (81.0, 7)
3 (33.0, 6)
0 (5.0, 3)
1 (38.0, 6)
2 (48.0, 6)
3 (51.0, 6)
