0 	[21, 0]
1 	[71, 0]
2 	[17, 0]
3 	[25, 0]
0 	[40, 1]
1 	[36, 1]
2 	[94, 1]
3 	[60, 1]
0 	[90, 2]
1 	[25, 2]
2 	[39, 2]
3 	[43, 2]
0 	[83, 3]
1 	[97, 3]
2 	[52, 3]
3 	[84, 3]
0 	[20, 4]
1 	[57, 4]
2 	[2, 4]
3 	[41, 4]
0 	[89, 5]
1 	[20, 5]
2 	[73, 5]
3 	[92, 5]
0 	[88, 6]
1 	[55, 6]
2 	[77, 6]
3 	[43, 6]
0 	[9, 7]
1 	[52, 7]
2 	[95, 7]
3 	[26, 7]
0 	[2, 8]
1 	[97, 8]
2 	[8, 8]
3 	[85, 8]
0 	[88, 9]
1 	[87, 9]
2 	[8, 9]
3 	[36, 9]
0 	[57, 10]
1 	[54, 10]
2 	[73, 10]
3 	[66, 10]
0 	[50, 11]
1 	[14, 11]
2 	[13, 11]
3 	[63, 11]
0 	[41, 12]
1 	[25, 12]
2 	[56, 12]
3 	[29, 12]
0 	[78, 13]
1 	[81, 13]
2 	[37, 13]
3 	[49, 13]
0 	[84, 14]
1 	[66, 14]
2 	[22, 14]
3 	[60, 14]
0 	[25, 15]
1 	[31, 15]
2 	[93, 15]
3 	[24, 15]
0 	[22, 16]
1 	[3, 16]
2 	[98, 16]
3 	[18, 16]
0 	[66, 17]
1 	[42, 17]
2 	[95, 17]
3 	[30, 17]
0 	[36, 18]
1 	[56, 18]
2 	[70, 18]
3 	[53, 18]
0 	[52, 19]
1 	[14, 19]
2 	[79, 19]
3 	[29, 19]
0 	[84, 20]
1 	[12, 20]
2 	[92, 20]
3 	[79, 20]
0 	[60, 21]
1 	[63, 21]
2 	[38, 21]
3 	[70, 21]
0 	[68, 22]
1 	[50, 22]
2 	[77, 22]
3 	[30, 22]
0 	[78, 23]
1 	[11, 23]
2 	[36, 23]
3 	[1, 23]
0 	[25, 24]
1 	[92, 24]
2 	[18, 24]
3 	[29, 24]
0 	[64, 25]
1 	[39, 25]
2 	[61, 25]
3 	[94, 25]
0 	[36, 26]
1 	[56, 26]
2 	[94, 26]
3 	[69, 26]
0 	[96, 27]
1 	[50, 27]
2 	[11, 27]
3 	[53, 27]
0 	[36, 28]
1 	[23, 28]
2 	[86, 28]
3 	[100, 28]
0 	[58, 29]
1 	[41, 29]
2 	[16, 29]
3 	[67, 29]
0 	[1, 30]
1 	[80, 30]
2 	[52, 30]
3 	[13, 30]
0 	[7, 31]
1 	[49, 31]
2 	[63, 31]
3 	[78, 31]
0 	[61, 32]
1 	[78, 32]
2 	[80, 32]
3 	[31, 32]
0 	[16, 33]
1 	[87, 33]
2 	[42, 33]
3 	[28, 33]
0 	[70, 34]
1 	[24, 34]
2 	[64, 34]
3 	[83, 34]
0 	[100, 35]
1 	[26, 35]
2 	[6, 35]
3 	[32, 35]
0 	[65, 36]
1 	[48, 36]
2 	[18, 36]
3 	[63, 36]
0 	[6, 37]
1 	[96, 37]
2 	[22, 37]
3 	[46, 37]
0 	[29, 38]
1 	[91, 38]
2 	[39, 38]
3 	[60, 38]
0 	[32, 39]
1 	[8, 39]
2 	[18, 39]
3 	[27, 39]
0 	[52, 40]
1 	[84, 40]
2 	[90, 40]
3 	[31, 40]
0 	[73, 41]
1 	[36, 41]
2 	[23, 41]
3 	[66, 41]
0 	[45, 42]
1 	[12, 42]
2 	[39, 42]
3 	[60, 42]
0 	[4, 43]
1 	[99, 43]
2 	[48, 43]
3 	[92, 43]
0 	[40, 44]
1 	[3, 44]
2 	[65, 44]
3 	[20, 44]
0 	[5, 45]
1 	[87, 45]
2 	[3, 45]
3 	[86, 45]
0 	[24, 46]
1 	[44, 46]
2 	[68, 46]
3 	[71, 46]
0 	[100, 47]
1 	[64, 47]
2 	[55, 47]
3 	[45, 47]
0 	[88, 48]
1 	[10, 48]
2 	[41, 48]
3 	[13, 48]
0 	[17, 49]
1 	[97, 49]
2 	[50, 49]
3 	[2, 49]
0 	[46, 50]
1 	[2, 50]
2 	[19, 50]
3 	[41, 50]
0 	[88, 51]
1 	[44, 51]
2 	[65, 51]
3 	[37, 51]
0 	[27, 52]
1 	[39, 52]
2 	[60, 52]
3 	[81, 52]
0 	[9, 53]
1 	[92, 53]
2 	[82, 53]
3 	[17, 53]
0 	[97, 54]
1 	[18, 54]
2 	[8, 54]
3 	[67, 54]
0 	[95, 55]
1 	[92, 55]
2 	[63, 55]
3 	[5, 55]
0 	[6, 56]
1 	[58, 56]
2 	[90, 56]
3 	[85, 56]
0 	[66, 57]
1 	[51, 57]
2 	[89, 57]
3 	[32, 57]
0 	[52, 58]
1 	[95, 58]
2 	[33, 58]
3 	[28, 58]
0 	[52, 59]
1 	[53, 59]
2 	[66, 59]
3 	[58, 59]
0 	[22, 60]
1 	[36, 60]
2 	[92, 60]
3 	[4, 60]
0 	[92, 61]
1 	[99, 61]
2 	[63, 61]
3 	[33, 61]
0 	[82, 62]
1 	[89, 62]
2 	[71, 62]
3 	[18, 62]
0 	[75, 63]
1 	[87, 63]
2 	[21, 63]
3 	[11, 63]
0 	[43, 64]
1 	[93, 64]
2 	[69, 64]
3 	[67, 64]
0 	[98, 65]
1 	[55, 65]
2 	[24, 65]
3 	[96, 65]
0 	[86, 66]
1 	[39, 66]
2 	[5, 66]
3 	[86, 66]
0 	[82, 67]
1 	[31, 67]
2 	[3, 67]
3 	[70, 67]
0 	[11, 68]
1 	[11, 68]
2 	[72, 68]
3 	[33, 68]
0 	[75, 69]
1 	[63, 69]
2 	[20, 69]
3 	[70, 69]
0 	[57, 70]
1 	[34, 70]
2 	[45, 70]
3 	[26, 70]
0 	[82, 71]
1 	[44, 71]
2 	[78, 71]
3 	[43, 71]
0 	[10, 72]
1 	[82, 72]
2 	[53, 72]
3 	[94, 72]
0 	[82, 73]
1 	[30, 73]
2 	[43, 73]
3 	[5, 73]
0 	[100, 74]
1 	[98, 74]
2 	[51, 74]
3 	[33, 74]
0 	[35, 75]
1 	[31, 75]
2 	[48, 75]
3 	[99, 75]
0 	[50, 76]
1 	[5, 76]
2 	[16, 76]
3 	[33, 76]
0 	[53, 77]
1 	[98, 77]
2 	[51, 77]
3 	[67, 77]
0 	[34, 78]
1 	[71, 78]
2 	[56, 78]
3 	[28, 78]
0 	[52, 79]
1 	[19, 79]
2 	[94, 79]
3 	[28, 79]
0 	[28, 80]
1 	[90, 80]
2 	[71, 80]
3 	[37, 80]
0 	[79, 81]
1 	[20, 81]
2 	[20, 81]
3 	[91, 81]
0 	[25, 82]
1 	[89, 82]
2 	[98, 82]
3 	[66, 82]
0 	[32, 83]
1 	[14, 83]
2 	[26, 83]
3 	[28, 83]
0 	[99, 84]
1 	[25, 84]
2 	[51, 84]
3 	[89, 84]
0 	[51, 85]
1 	[70, 85]
2 	[29, 85]
3 	[70, 85]
0 	[61, 86]
1 	[65, 86]
2 	[4, 86]
3 	[18, 86]
0 	[31, 87]
1 	[15, 87]
2 	[47, 87]
3 	[7, 87]
0 	[74, 88]
1 	[36, 88]
2 	[20, 88]
3 	[55, 88]
0 	[58, 89]
1 	[12, 89]
2 	[43, 89]
3 	[87, 89]
0 	[54, 90]
1 	[2, 90]
2 	[5, 90]
3 	[30, 90]
0 	[84, 91]
1 	[61, 91]
2 	[93, 91]
3 	[75, 91]
0 	[70, 92]
1 	[65, 92]
2 	[96, 92]
3 	[45, 92]
0 	[41, 93]
1 	[68, 93]
2 	[41, 93]
3 	[72, 93]
0 	[42, 94]
1 	[24, 94]
2 	[61, 94]
3 	[7, 94]
0 	[28, 95]
1 	[61, 95]
2 	[54, 95]
3 	[59, 95]
0 	[32, 96]
1 	[8, 96]
2 	[5, 96]
3 	[40, 96]
0 	[36, 97]
1 	[33, 97]
2 	[97, 97]
3 	[22, 97]
0 	[87, 98]
1 	[28, 98]
2 	[40, 98]
3 	[55, 98]
0 	[74, 99]
1 	[30, 99]
2 	[87, 99]
3 	[78, 99]
0 	[16, 100]
1 	[94, 100]
2 	[73, 100]
3 	[40, 100]
0 	[62, 101]
1 	[47, 101]
2 	[60, 101]
3 	[41, 101]
0 	[53, 102]
1 	[42, 102]
2 	[70, 102]
3 	[83, 102]
0 	[88, 103]
1 	[44, 103]
2 	[69, 103]
3 	[2, 103]
0 	[52, 104]
1 	[41, 104]
2 	[14, 104]
3 	[52, 104]
0 	[89, 105]
1 	[27, 105]
2 	[30, 105]
3 	[24, 105]
0 	[15, 106]
1 	[10, 106]
2 	[31, 106]
3 	[22, 106]
0 	[64, 107]
1 	[40, 107]
2 	[68, 107]
3 	[98, 107]
0 	[10, 108]
1 	[84, 108]
2 	[93, 108]
3 	[90, 108]
0 	[56, 109]
1 	[45, 109]
2 	[43, 109]
3 	[56, 109]
0 	[5, 110]
1 	[24, 110]
2 	[59, 110]
3 	[43, 110]
0 	[78, 111]
1 	[44, 111]
2 	[21, 111]
3 	[67, 111]
0 	[53, 112]
1 	[58, 112]
2 	[55, 112]
3 	[34, 112]
0 	[23, 113]
1 	[58, 113]
2 	[96, 113]
3 	[76, 113]
0 	[63, 114]
1 	[17, 114]
2 	[35, 114]
3 	[95, 114]
0 	[4, 115]
1 	[68, 115]
2 	[50, 115]
3 	[85, 115]
0 	[74, 116]
1 	[35, 116]
2 	[57, 116]
3 	[96, 116]
0 	[7, 117]
1 	[95, 117]
2 	[63, 117]
3 	[38, 117]
0 	[86, 118]
1 	[27, 118]
2 	[5, 118]
3 	[2, 118]
0 	[58, 119]
1 	[74, 119]
2 	[11, 119]
3 	[6, 119]
0 	[21, 120]
1 	[97, 120]
2 	[28, 120]
3 	[89, 120]
0 	[52, 121]
1 	[53, 121]
2 	[21, 121]
3 	[25, 121]
0 	[75, 122]
1 	[33, 122]
2 	[34, 122]
3 	[23, 122]
0 	[65, 123]
1 	[59, 123]
2 	[70, 123]
3 	[47, 123]
0 	[11, 124]
1 	[93, 124]
2 	[75, 124]
3 	[53, 124]
0 	[78, 125]
1 	[63, 125]
2 	[27, 125]
3 	[37, 125]
0 	[48, 126]
1 	[18, 126]
2 	[14, 126]
3 	[65, 126]
0 	[21, 127]
1 	[22, 127]
2 	[16, 127]
3 	[4, 127]
0 	[99, 128]
1 	[84, 128]
2 	[15, 128]
3 	[26, 128]
0 	[30, 129]
1 	[54, 129]
2 	[70, 129]
3 	[72, 129]
0 	[34, 130]
1 	[21, 130]
2 	[72, 130]
3 	[30, 130]
0 	[97, 131]
1 	[32, 131]
2 	[94, 131]
3 	[96, 131]
0 	[66, 132]
1 	[45, 132]
2 	[86, 132]
3 	[55, 132]
0 	[22, 133]
1 	[51, 133]
2 	[12, 133]
3 	[97, 133]
0 	[45, 134]
1 	[37, 134]
2 	[69, 134]
3 	[89, 134]
0 	[57, 135]
1 	[37, 135]
2 	[19, 135]
3 	[4, 135]
0 	[87, 136]
1 	[22, 136]
2 	[4, 136]
3 	[98, 136]
0 	[40, 137]
1 	[28, 137]
2 	[74, 137]
3 	[59, 137]
0 	[49, 138]
1 	[69, 138]
2 	[63, 138]
3 	[58, 138]
0 	[90, 139]
1 	[32, 139]
2 	[61, 139]
3 	[35, 139]
0 	[67, 140]
1 	[40, 140]
2 	[100, 140]
3 	[43, 140]
0 	[100, 141]
1 	[87, 141]
2 	[33, 141]
3 	[41, 141]
0 	[26, 142]
1 	[32, 142]
2 	[99, 142]
3 	[78, 142]
0 	[5, 143]
1 	[56, 143]
2 	[97, 143]
3 	[22, 143]
0 	[35, 144]
1 	[65, 144]
2 	[29, 144]
3 	[43, 144]
0 	[5, 145]
1 	[68, 145]
2 	[62, 145]
3 	[65, 145]
0 	[16, 146]
1 	[46, 146]
2 	[28, 146]
3 	[5, 146]
0 	[51, 147]
1 	[78, 147]
2 	[11, 147]
3 	[24, 147]
0 	[46, 148]
1 	[14, 148]
2 	[76, 148]
3 	[31, 148]
0 	[62, 149]
1 	[55, 149]
2 	[90, 149]
3 	[9, 149]
0 	[55, 150]
1 	[49, 150]
2 	[34, 150]
3 	[48, 150]
0 	[81, 151]
1 	[7, 151]
2 	[4, 151]
3 	[47, 151]
0 	[39, 152]
1 	[92, 152]
2 	[33, 152]
3 	[54, 152]
0 	[88, 153]
1 	[47, 153]
2 	[66, 153]
3 	[91, 153]
0 	[62, 154]
1 	[85, 154]
2 	[53, 154]
3 	[64, 154]
0 	[75, 155]
1 	[55, 155]
2 	[26, 155]
3 	[38, 155]
0 	[76, 156]
1 	[9, 156]
2 	[12, 156]
3 	[98, 156]
0 	[19, 157]
1 	[76, 157]
2 	[42, 157]
3 	[67, 157]
0 	[78, 158]
1 	[96, 158]
2 	[85, 158]
3 	[43, 158]
0 	[97, 159]
1 	[86, 159]
2 	[75, 159]
3 	[26, 159]
0 	[23, 160]
1 	[37, 160]
2 	[39, 160]
3 	[43, 160]
0 	[63, 161]
1 	[4, 161]
2 	[98, 161]
3 	[40, 161]
0 	[69, 162]
1 	[19, 162]
2 	[68, 162]
3 	[90, 162]
0 	[65, 163]
1 	[23, 163]
2 	[49, 163]
3 	[23, 163]
0 	[97, 164]
1 	[61, 164]
2 	[32, 164]
3 	[10, 164]
0 	[10, 165]
1 	[59, 165]
2 	[94, 165]
3 	[51, 165]
0 	[70, 166]
1 	[74, 166]
2 	[25, 166]
3 	[88, 166]
0 	[46, 167]
1 	[61, 167]
2 	[65, 167]
3 	[55, 167]
0 	[95, 168]
1 	[20, 168]
2 	[67, 168]
3 	[68, 168]
0 	[7, 169]
1 	[50, 169]
2 	[63, 169]
3 	[89, 169]
0 	[73, 170]
1 	[50, 170]
2 	[54, 170]
3 	[73, 170]
0 	[15, 171]
1 	[55, 171]
2 	[33, 171]
3 	[1, 171]
0 	[10, 172]
1 	[12, 172]
2 	[26, 172]
3 	[40, 172]
0 	[69, 173]
1 	[25, 173]
2 	[79, 173]
3 	[88, 173]
0 	[76, 174]
1 	[69, 174]
2 	[7, 174]
3 	[88, 174]
0 	[67, 175]
1 	[98, 175]
2 	[73, 175]
3 	[78, 175]
0 	[6, 176]
1 	[24, 176]
2 	[65, 176]
3 	[30, 176]
0 	[54, 177]
1 	[62, 177]
2 	[57, 177]
3 	[42, 177]
0 	[79, 178]
1 	[77, 178]
2 	[61, 178]
3 	[27, 178]
0 	[27, 179]
1 	[51, 179]
2 	[63, 179]
3 	[10, 179]
0 	[1, 180]
1 	[59, 180]
2 	[70, 180]
3 	[27, 180]
0 	[53, 181]
1 	[15, 181]
2 	[14, 181]
3 	[26, 181]
0 	[64, 182]
1 	[93, 182]
2 	[25, 182]
3 	[47, 182]
0 	[60, 183]
1 	[46, 183]
2 	[80, 183]
3 	[30, 183]
0 	[74, 184]
1 	[79, 184]
2 	[84, 184]
3 	[37, 184]
0 	[14, 185]
1 	[91, 185]
2 	[81, 185]
3 	[100, 185]
0 	[38, 186]
1 	[75, 186]
2 	[73, 186]
3 	[4, 186]
0 	[94, 187]
1 	[29, 187]
2 	[46, 187]
3 	[58, 187]
0 	[10, 188]
1 	[65, 188]
2 	[2, 188]
3 	[97, 188]
0 	[23, 189]
1 	[48, 189]
2 	[30, 189]
3 	[16, 189]
0 	[65, 190]
1 	[78, 190]
2 	[24, 190]
3 	[92, 190]
0 	[43, 191]
1 	[70, 191]
2 	[87, 191]
3 	[67, 191]
0 	[60, 192]
1 	[39, 192]
2 	[70, 192]
3 	[30, 192]
0 	[43, 193]
1 	[65, 193]
2 	[49, 193]
3 	[31, 193]
0 	[3, 194]
1 	[93, 194]
2 	[54, 194]
3 	[78, 194]
0 	[86, 195]
1 	[20, 195]
2 	[16, 195]
3 	[62, 195]
0 	[30, 196]
1 	[77, 196]
2 	[67, 196]
3 	[78, 196]
0 	[86, 197]
1 	[98, 197]
2 	[57, 197]
3 	[80, 197]
0 	[13, 198]
1 	[51, 198]
2 	[65, 198]
3 	[59, 198]
0 	[49, 199]
1 	[83, 199]
2 	[99, 199]
3 	[100, 199]
0 	[81, 200]
1 	[54, 200]
2 	[79, 200]
3 	[96, 200]
0 	[73, 201]
1 	[6, 201]
2 	[69, 201]
3 	[51, 201]
0 	[51, 202]
1 	[85, 202]
2 	[50, 202]
3 	[37, 202]
0 	[61, 203]
1 	[73, 203]
2 	[96, 203]
3 	[43, 203]
0 	[26, 204]
1 	[69, 204]
2 	[18, 204]
3 	[12, 204]
0 	[50, 205]
1 	[15, 205]
2 	[67, 205]
3 	[96, 205]
0 	[51, 206]
1 	[73, 206]
2 	[80, 206]
3 	[82, 206]
0 	[14, 207]
1 	[46, 207]
2 	[15, 207]
3 	[2, 207]
0 	[47, 208]
1 	[64, 208]
2 	[30, 208]
3 	[94, 208]
0 	[57, 209]
1 	[29, 209]
2 	[71, 209]
3 	[53, 209]
0 	[57, 210]
1 	[22, 210]
2 	[100, 210]
3 	[26, 210]
0 	[65, 211]
1 	[55, 211]
2 	[66, 211]
3 	[20, 211]
0 	[58, 212]
1 	[20, 212]
2 	[31, 212]
3 	[91, 212]
0 	[90, 213]
1 	[46, 213]
2 	[100, 213]
3 	[21, 213]
0 	[4, 214]
1 	[94, 214]
2 	[79, 214]
3 	[44, 214]
0 	[33, 215]
1 	[36, 215]
2 	[85, 215]
3 	[36, 215]
0 	[72, 216]
1 	[71, 216]
2 	[49, 216]
3 	[41, 216]
0 	[67, 217]
1 	[76, 217]
2 	[68, 217]
3 	[70, 217]
0 	[71, 218]
1 	[86, 218]
2 	[92, 218]
3 	[38, 218]
0 	[87, 219]
1 	[18, 219]
2 	[30, 219]
3 	[35, 219]
0 	[42, 220]
1 	[88, 220]
2 	[88, 220]
3 	[81, 220]
0 	[95, 221]
1 	[42, 221]
2 	[5, 221]
3 	[19, 221]
0 	[33, 222]
1 	[69, 222]
2 	[42, 222]
3 	[51, 222]
0 	[54, 223]
1 	[74, 223]
2 	[6, 223]
3 	[70, 223]
0 	[29, 224]
1 	[83, 224]
2 	[3, 224]
3 	[64, 224]
0 	[73, 225]
1 	[37, 225]
2 	[78, 225]
3 	[74, 225]
0 	[95, 226]
1 	[23, 226]
2 	[23, 226]
3 	[52, 226]
0 	[78, 227]
1 	[78, 227]
2 	[30, 227]
3 	[96, 227]
0 	[73, 228]
1 	[66, 228]
2 	[18, 228]
3 	[79, 228]
0 	[98, 229]
1 	[20, 229]
2 	[80, 229]
3 	[40, 229]
0 	[84, 230]
1 	[98, 230]
2 	[33, 230]
3 	[72, 230]
0 	[47, 231]
1 	[53, 231]
2 	[82, 231]
3 	[33, 231]
0 	[86, 232]
1 	[54, 232]
2 	[9, 232]
3 	[56, 232]
0 	[70, 233]
1 	[89, 233]
2 	[1, 233]
3 	[23, 233]
0 	[9, 234]
1 	[82, 234]
2 	[62, 234]
3 	[98, 234]
0 	[20, 235]
1 	[30, 235]
2 	[45, 235]
3 	[54, 235]
0 	[7, 236]
1 	[22, 236]
2 	[28, 236]
3 	[56, 236]
0 	[34, 237]
1 	[61, 237]
2 	[32, 237]
3 	[34, 237]
0 	[1, 238]
1 	[97, 238]
2 	[66, 238]
3 	[49, 238]
0 	[24, 239]
1 	[17, 239]
2 	[35, 239]
3 	[26, 239]
0 	[44, 240]
1 	[23, 240]
2 	[83, 240]
3 	[67, 240]
0 	[87, 241]
1 	[4, 241]
2 	[56, 241]
3 	[12, 241]
0 	[15, 242]
1 	[35, 242]
2 	[66, 242]
3 	[48, 242]
0 	[45, 243]
1 	[3, 243]
2 	[3, 243]
3 	[63, 243]
0 	[20, 244]
1 	[54, 244]
2 	[17, 244]
3 	[58, 244]
0 	[89, 245]
1 	[21, 245]
2 	[96, 245]
3 	[65, 245]
0 	[18, 246]
1 	[72, 246]
2 	[19, 246]
3 	[66, 246]
0 	[12, 247]
1 	[79, 247]
2 	[13, 247]
3 	[19, 247]
0 	[5, 248]
1 	[94, 248]
2 	[41, 248]
3 	[1, 248]
0 	[61, 249]
1 	[100, 249]
2 	[23, 249]
3 	[11, 249]
0 	[24, 250]
1 	[33, 250]
2 	[52, 250]
3 	[23, 250]
0 	[96, 251]
1 	[7, 251]
2 	[42, 251]
3 	[20, 251]
0 	[21, 252]
1 	[56, 252]
2 	[23, 252]
3 	[86, 252]
0 	[94, 253]
1 	[95, 253]
2 	[70, 253]
3 	[67, 253]
0 	[78, 254]
1 	[34, 254]
2 	[66, 254]
3 	[100, 254]
0 	[28, 255]
1 	[7, 255]
2 	[19, 255]
3 	[48, 255]
0 	[64, 256]
1 	[68, 256]
2 	[53, 256]
3 	[44, 256]
0 	[17, 257]
1 	[65, 257]
2 	[28, 257]
3 	[2, 257]
0 	[79, 258]
1 	[44, 258]
2 	[56, 258]
3 	[9, 258]
0 	[7, 259]
1 	[1, 259]
2 	[19, 259]
3 	[26, 259]
0 	[85, 260]
1 	[6, 260]
2 	[39, 260]
3 	[14, 260]
0 	[87, 261]
1 	[22, 261]
2 	[77, 261]
3 	[69, 261]
0 	[50, 262]
1 	[65, 262]
2 	[66, 262]
3 	[94, 262]
0 	[95, 263]
1 	[70, 263]
2 	[88, 263]
3 	[16, 263]
0 	[9, 264]
1 	[30, 264]
2 	[82, 264]
3 	[10, 264]
0 	[57, 265]
1 	[75, 265]
2 	[70, 265]
3 	[85, 265]
0 	[45, 266]
1 	[18, 266]
2 	[25, 266]
3 	[26, 266]
0 	[91, 267]
1 	[81, 267]
2 	[71, 267]
3 	[45, 267]
0 	[81, 268]
1 	[83, 268]
2 	[95, 268]
3 	[25, 268]
0 	[39, 269]
1 	[88, 269]
2 	[67, 269]
3 	[86, 269]
0 	[69, 270]
1 	[51, 270]
2 	[77, 270]
3 	[56, 270]
0 	[26, 271]
1 	[21, 271]
2 	[46, 271]
3 	[16, 271]
0 	[2, 272]
1 	[57, 272]
2 	[63, 272]
3 	[85, 272]
0 	[32, 273]
1 	[37, 273]
2 	[89, 273]
3 	[94, 273]
0 	[85, 274]
1 	[83, 274]
2 	[21, 274]
3 	[49, 274]
0 	[67, 275]
1 	[4, 275]
2 	[13, 275]
3 	[31, 275]
0 	[8, 276]
1 	[15, 276]
2 	[72, 276]
3 	[45, 276]
0 	[56, 277]
1 	[34, 277]
2 	[41, 277]
3 	[99, 277]
0 	[32, 278]
1 	[24, 278]
2 	[9, 278]
3 	[17, 278]
0 	[90, 279]
1 	[74, 279]
2 	[89, 279]
3 	[17, 279]
0 	[27, 280]
1 	[94, 280]
2 	[42, 280]
3 	[74, 280]
0 	[86, 281]
1 	[48, 281]
2 	[67, 281]
3 	[97, 281]
0 	[75, 282]
1 	[31, 282]
2 	[7, 282]
3 	[68, 282]
0 	[29, 283]
1 	[19, 283]
2 	[23, 283]
3 	[20, 283]
0 	[83, 284]
1 	[64, 284]
2 	[14, 284]
3 	[87, 284]
0 	[16, 285]
1 	[47, 285]
2 	[17, 285]
3 	[17, 285]
0 	[53, 286]
1 	[95, 286]
2 	[17, 286]
3 	[95, 286]
0 	[74, 287]
1 	[83, 287]
2 	[75, 287]
3 	[63, 287]
0 	[74, 288]
1 	[54, 288]
2 	[71, 288]
3 	[35, 288]
0 	[48, 289]
1 	[71, 289]
2 	[46, 289]
3 	[8, 289]
0 	[15, 290]
1 	[95, 290]
2 	[16, 290]
3 	[34, 290]
0 	[71, 291]
1 	[21, 291]
2 	[5, 291]
3 	[52, 291]
0 	[17, 292]
1 	[58, 292]
2 	[94, 292]
3 	[97, 292]
0 	[22, 293]
1 	[96, 293]
2 	[39, 293]
3 	[90, 293]
0 	[33, 294]
1 	[16, 294]
2 	[27, 294]
3 	[68, 294]
0 	[11, 295]
1 	[16, 295]
2 	[79, 295]
3 	[25, 295]
0 	[87, 296]
1 	[77, 296]
2 	[88, 296]
3 	[80, 296]
0 	[54, 297]
1 	[89, 297]
2 	[81, 297]
3 	[97, 297]
0 	[44, 298]
1 	[12, 298]
2 	[11, 298]
3 	[64, 298]
0 	[28, 299]
1 	[89, 299]
2 	[40, 299]
3 	[18, 299]
0 	[79, 300]
1 	[81, 300]
2 	[65, 300]
3 	[16, 300]
0 	[78, 301]
1 	[31, 301]
2 	[53, 301]
3 	[96, 301]
0 	[36, 302]
1 	[4, 302]
2 	[23, 302]
3 	[51, 302]
0 	[29, 303]
1 	[34, 303]
2 	[52, 303]
3 	[6, 303]
0 	[41, 304]
1 	[35, 304]
2 	[43, 304]
3 	[5, 304]
0 	[78, 305]
1 	[94, 305]
2 	[5, 305]
3 	[10, 305]
0 	[16, 306]
1 	[42, 306]
2 	[34, 306]
3 	[18, 306]
0 	[51, 307]
1 	[93, 307]
2 	[29, 307]
3 	[17, 307]
0 	[52, 308]
1 	[59, 308]
2 	[67, 308]
3 	[5, 308]
0 	[75, 309]
1 	[62, 309]
2 	[11, 309]
3 	[6, 309]
0 	[48, 310]
1 	[62, 310]
2 	[100, 310]
3 	[10, 310]
0 	[29, 311]
1 	[29, 311]
2 	[70, 311]
3 	[54, 311]
0 	[61, 312]
1 	[14, 312]
2 	[34, 312]
3 	[15, 312]
0 	[96, 313]
1 	[28, 313]
2 	[50, 313]
3 	[11, 313]
0 	[44, 314]
1 	[57, 314]
2 	[18, 314]
3 	[85, 314]
0 	[31, 315]
1 	[4, 315]
2 	[65, 315]
3 	[54, 315]
0 	[72, 316]
1 	[54, 316]
2 	[23, 316]
3 	[52, 316]
0 	[63, 317]
1 	[33, 317]
2 	[32, 317]
3 	[62, 317]
0 	[27, 318]
1 	[47, 318]
2 	[17, 318]
3 	[61, 318]
0 	[71, 319]
1 	[1, 319]
2 	[83, 319]
3 	[51, 319]
0 	[93, 320]
1 	[22, 320]
2 	[15, 320]
3 	[67, 320]
0 	[58, 321]
1 	[72, 321]
2 	[16, 321]
3 	[5, 321]
0 	[45, 322]
1 	[1, 322]
2 	[29, 322]
3 	[93, 322]
0 	[86, 323]
1 	[3, 323]
2 	[82, 323]
3 	[76, 323]
0 	[59, 324]
1 	[32, 324]
2 	[41, 324]
3 	[76, 324]
0 	[63, 325]
1 	[25, 325]
2 	[11, 325]
3 	[75, 325]
0 	[3, 326]
1 	[80, 326]
2 	[29, 326]
3 	[49, 326]
0 	[45, 327]
1 	[43, 327]
2 	[90, 327]
3 	[99, 327]
0 	[40, 328]
1 	[91, 328]
2 	[55, 328]
3 	[9, 328]
0 	[85, 329]
1 	[13, 329]
2 	[55, 329]
3 	[91, 329]
0 	[65, 330]
1 	[50, 330]
2 	[45, 330]
3 	[79, 330]
0 	[51, 331]
1 	[46, 331]
2 	[84, 331]
3 	[4, 331]
0 	[43, 332]
1 	[47, 332]
2 	[91, 332]
3 	[25, 332]
0 	[71, 333]
1 	[82, 333]
2 	[24, 333]
3 	[34, 333]
0 	[63, 334]
1 	[84, 334]
2 	[73, 334]
3 	[56, 334]
0 	[11, 335]
1 	[59, 335]
2 	[87, 335]
3 	[47, 335]
0 	[34, 336]
1 	[91, 336]
2 	[94, 336]
3 	[64, 336]
0 	[88, 337]
1 	[53, 337]
2 	[20, 337]
3 	[6, 337]
0 	[64, 338]
1 	[72, 338]
2 	[68, 338]
3 	[85, 338]
0 	[32, 339]
1 	[1, 339]
2 	[48, 339]
3 	[1, 339]
0 	[94, 340]
1 	[92, 340]
2 	[43, 340]
3 	[13, 340]
0 	[44, 341]
1 	[69, 341]
2 	[96, 341]
3 	[34, 341]
0 	[7, 342]
1 	[21, 342]
2 	[68, 342]
3 	[18, 342]
0 	[28, 343]
1 	[38, 343]
2 	[21, 343]
3 	[86, 343]
0 	[52, 344]
1 	[23, 344]
2 	[38, 344]
3 	[86, 344]
0 	[63, 345]
1 	[69, 345]
2 	[61, 345]
3 	[37, 345]
0 	[79, 346]
1 	[29, 346]
2 	[11, 346]
3 	[70, 346]
0 	[4, 347]
1 	[94, 347]
2 	[55, 347]
3 	[57, 347]
0 	[66, 348]
1 	[74, 348]
2 	[81, 348]
3 	[61, 348]
0 	[54, 349]
1 	[59, 349]
2 	[99, 349]
3 	[53, 349]
0 	[27, 350]
1 	[32, 350]
2 	[87, 350]
3 	[34, 350]
0 	[93, 351]
1 	[15, 351]
2 	[33, 351]
3 	[51, 351]
0 	[52, 352]
1 	[18, 352]
2 	[91, 352]
3 	[8, 352]
0 	[81, 353]
1 	[32, 353]
2 	[70, 353]
3 	[37, 353]
0 	[65, 354]
1 	[80, 354]
2 	[42, 354]
3 	[76, 354]
0 	[19, 355]
1 	[10, 355]
2 	[53, 355]
3 	[45, 355]
0 	[82, 356]
1 	[78, 356]
2 	[51, 356]
3 	[50, 356]
0 	[81, 357]
1 	[34, 357]
2 	[82, 357]
3 	[65, 357]
0 	[18, 358]
1 	[68, 358]
2 	[99, 358]
3 	[8, 358]
0 	[45, 359]
1 	[42, 359]
2 	[54, 359]
3 	[9, 359]
0 	[67, 360]
1 	[40, 360]
2 	[84, 360]
3 	[95, 360]
0 	[12, 361]
1 	[73, 361]
2 	[42, 361]
3 	[66, 361]
0 	[30, 362]
1 	[42, 362]
2 	[53, 362]
3 	[5, 362]
0 	[38, 363]
1 	[38, 363]
2 	[14, 363]
3 	[58, 363]
0 	[29, 364]
1 	[88, 364]
2 	[82, 364]
3 	[34, 364]
0 	[9, 365]
1 	[76, 365]
2 	[100, 365]
3 	[38, 365]
0 	[90, 366]
1 	[12, 366]
2 	[38, 366]
3 	[66, 366]
0 	[50, 367]
1 	[75, 367]
2 	[51, 367]
3 	[7, 367]
0 	[82, 368]
1 	[22, 368]
2 	[40, 368]
3 	[5, 368]
0 	[45, 369]
1 	[92, 369]
2 	[57, 369]
3 	[80, 369]
0 	[23, 370]
1 	[75, 370]
2 	[94, 370]
3 	[1, 370]
0 	[46, 371]
1 	[45, 371]
2 	[67, 371]
3 	[6, 371]
0 	[22, 372]
1 	[51, 372]
2 	[85, 372]
3 	[31, 372]
0 	[23, 373]
1 	[28, 373]
2 	[73, 373]
3 	[97, 373]
0 	[24, 374]
1 	[49, 374]
2 	[4, 374]
3 	[91, 374]
0 	[91, 375]
1 	[54, 375]
2 	[97, 375]
3 	[25, 375]
0 	[59, 376]
1 	[14, 376]
2 	[36, 376]
3 	[8, 376]
0 	[64, 377]
1 	[16, 377]
2 	[60, 377]
3 	[24, 377]
0 	[42, 378]
1 	[5, 378]
2 	[49, 378]
3 	[53, 378]
0 	[54, 379]
1 	[30, 379]
2 	[28, 379]
3 	[66, 379]
0 	[40, 380]
1 	[19, 380]
2 	[84, 380]
3 	[67, 380]
0 	[67, 381]
1 	[79, 381]
2 	[58, 381]
3 	[39, 381]
0 	[31, 382]
1 	[44, 382]
2 	[69, 382]
3 	[6, 382]
0 	[28, 383]
1 	[31, 383]
2 	[77, 383]
3 	[21, 383]
0 	[22, 384]
1 	[56, 384]
2 	[27, 384]
3 	[99, 384]
0 	[52, 385]
1 	[14, 385]
2 	[2, 385]
3 	[100, 385]
0 	[7, 386]
1 	[90, 386]
2 	[24, 386]
3 	[2, 386]
0 	[49, 387]
1 	[3, 387]
2 	[53, 387]
3 	[34, 387]
0 	[96, 388]
1 	[45, 388]
2 	[77, 388]
3 	[15, 388]
0 	[64, 389]
1 	[24, 389]
2 	[21, 389]
3 	[79, 389]
0 	[35, 390]
1 	[11, 390]
2 	[64, 390]
3 	[73, 390]
0 	[92, 391]
1 	[7, 391]
2 	[56, 391]
3 	[85, 391]
0 	[56, 392]
1 	[27, 392]
2 	[38, 392]
3 	[25, 392]
0 	[99, 393]
1 	[81, 393]
2 	[62, 393]
3 	[22, 393]
0 	[70, 394]
1 	[17, 394]
2 	[93, 394]
3 	[61, 394]
0 	[76, 395]
1 	[61, 395]
2 	[100, 395]
3 	[20, 395]
0 	[27, 396]
1 	[54, 396]
2 	[94, 396]
3 	[66, 396]
0 	[74, 397]
1 	[44, 397]
2 	[7, 397]
3 	[76, 397]
0 	[6, 398]
1 	[30, 398]
2 	[76, 398]
3 	[91, 398]
0 	[12, 399]
1 	[31, 399]
2 	[9, 399]
3 	[100, 399]
0 	[26, 400]
1 	[16, 400]
2 	[55, 400]
3 	[49, 400]
0 	[56, 401]
1 	[31, 401]
2 	[12, 401]
3 	[58, 401]
0 	[69, 402]
1 	[82, 402]
2 	[75, 402]
3 	[39, 402]
0 	[35, 403]
1 	[76, 403]
2 	[11, 403]
3 	[36, 403]
0 	[91, 404]
1 	[66, 404]
2 	[77, 404]
3 	[72, 404]
0 	[42, 405]
1 	[20, 405]
2 	[33, 405]
3 	[73, 405]
0 	[15, 406]
1 	[66, 406]
2 	[65, 406]
3 	[44, 406]
0 	[10, 407]
1 	[84, 407]
2 	[35, 407]
3 	[48, 407]
0 	[39, 408]
1 	[51, 408]
2 	[6, 408]
3 	[55, 408]
0 	[11, 409]
1 	[57, 409]
2 	[2, 409]
3 	[63, 409]
0 	[47, 410]
1 	[8, 410]
2 	[49, 410]
3 	[2, 410]
0 	[79, 411]
1 	[19, 411]
2 	[31, 411]
3 	[15, 411]
0 	[26, 412]
1 	[12, 412]
2 	[99, 412]
3 	[25, 412]
0 	[24, 413]
1 	[48, 413]
2 	[99, 413]
3 	[74, 413]
0 	[70, 414]
1 	[41, 414]
2 	[86, 414]
3 	[21, 414]
0 	[47, 415]
1 	[52, 415]
2 	[73, 415]
3 	[62, 415]
0 	[38, 416]
1 	[43, 416]
2 	[23, 416]
3 	[71, 416]
0 	[96, 417]
1 	[4, 417]
2 	[66, 417]
3 	[98, 417]
0 	[57, 418]
1 	[9, 418]
2 	[26, 418]
3 	[72, 418]
0 	[30, 419]
1 	[82, 419]
2 	[17, 419]
3 	[10, 419]
0 	[51, 420]
1 	[50, 420]
2 	[6, 420]
3 	[77, 420]
0 	[46, 421]
1 	[65, 421]
2 	[91, 421]
3 	[80, 421]
0 	[59, 422]
1 	[28, 422]
2 	[63, 422]
3 	[37, 422]
0 	[53, 423]
1 	[11, 423]
2 	[67, 423]
3 	[31, 423]
0 	[20, 424]
1 	[62, 424]
2 	[30, 424]
3 	[58, 424]
0 	[69, 425]
1 	[17, 425]
2 	[16, 425]
3 	[43, 425]
0 	[61, 426]
1 	[87, 426]
2 	[96, 426]
3 	[83, 426]
0 	[5, 427]
1 	[73, 427]
2 	[68, 427]
3 	[18, 427]
0 	[89, 428]
1 	[26, 428]
2 	[56, 428]
3 	[55, 428]
0 	[2, 429]
1 	[33, 429]
2 	[80, 429]
3 	[55, 429]
0 	[89, 430]
1 	[16, 430]
2 	[3, 430]
3 	[80, 430]
0 	[56, 431]
1 	[6, 431]
2 	[91, 431]
3 	[16, 431]
0 	[96, 432]
1 	[8, 432]
2 	[62, 432]
3 	[95, 432]
0 	[75, 433]
1 	[14, 433]
2 	[42, 433]
3 	[61, 433]
0 	[82, 434]
1 	[42, 434]
2 	[2, 434]
3 	[18, 434]
0 	[14, 435]
1 	[87, 435]
2 	[58, 435]
3 	[72, 435]
0 	[22, 436]
1 	[10, 436]
2 	[37, 436]
3 	[27, 436]
0 	[10, 437]
1 	[42, 437]
2 	[50, 437]
3 	[49, 437]
0 	[32, 438]
1 	[62, 438]
2 	[21, 438]
3 	[27, 438]
0 	[84, 439]
1 	[21, 439]
2 	[62, 439]
3 	[59, 439]
0 	[60, 440]
1 	[46, 440]
2 	[79, 440]
3 	[97, 440]
0 	[31, 441]
1 	[10, 441]
2 	[9, 441]
3 	[73, 441]
0 	[37, 442]
1 	[19, 442]
2 	[51, 442]
3 	[12, 442]
0 	[74, 443]
1 	[51, 443]
2 	[45, 443]
3 	[4, 443]
0 	[39, 444]
1 	[70, 444]
2 	[16, 444]
3 	[64, 444]
0 	[4, 445]
1 	[7, 445]
2 	[24, 445]
3 	[69, 445]
0 	[32, 446]
1 	[77, 446]
2 	[57, 446]
3 	[72, 446]
0 	[89, 447]
1 	[64, 447]
2 	[97, 447]
3 	[46, 447]
0 	[72, 448]
1 	[50, 448]
2 	[57, 448]
3 	[43, 448]
0 	[27, 449]
1 	[85, 449]
2 	[82, 449]
3 	[27, 449]
0 	[92, 450]
1 	[2, 450]
2 	[44, 450]
3 	[1, 450]
0 	[16, 451]
1 	[67, 451]
2 	[41, 451]
3 	[5, 451]
0 	[53, 452]
1 	[66, 452]
2 	[73, 452]
3 	[56, 452]
0 	[68, 453]
1 	[98, 453]
2 	[7, 453]
3 	[91, 453]
0 	[44, 454]
1 	[52, 454]
2 	[10, 454]
3 	[95, 454]
0 	[1, 455]
1 	[44, 455]
2 	[17, 455]
3 	[78, 455]
0 	[25, 456]
1 	[16, 456]
2 	[5, 456]
3 	[23, 456]
0 	[37, 457]
1 	[18, 457]
2 	[8, 457]
3 	[38, 457]
0 	[20, 458]
1 	[65, 458]
2 	[63, 458]
3 	[46, 458]
0 	[35, 459]
1 	[31, 459]
2 	[39, 459]
3 	[77, 459]
0 	[49, 460]
1 	[21, 460]
2 	[96, 460]
3 	[65, 460]
0 	[8, 461]
1 	[65, 461]
2 	[88, 461]
3 	[34, 461]
0 	[3, 462]
1 	[21, 462]
2 	[22, 462]
3 	[5, 462]
0 	[89, 463]
1 	[90, 463]
2 	[96, 463]
3 	[74, 463]
0 	[68, 464]
1 	[25, 464]
2 	[6, 464]
3 	[100, 464]
0 	[11, 465]
1 	[23, 465]
2 	[39, 465]
3 	[63, 465]
0 	[44, 466]
1 	[46, 466]
2 	[82, 466]
3 	[70, 466]
0 	[23, 467]
1 	[22, 467]
2 	[20, 467]
3 	[20, 467]
0 	[83, 468]
1 	[61, 468]
2 	[44, 468]
3 	[7, 468]
0 	[62, 469]
1 	[49, 469]
2 	[90, 469]
3 	[28, 469]
0 	[2, 470]
1 	[90, 470]
2 	[1, 470]
3 	[17, 470]
0 	[74, 471]
1 	[80, 471]
2 	[49, 471]
3 	[35, 471]
0 	[10, 472]
1 	[31, 472]
2 	[68, 472]
3 	[39, 472]
0 	[39, 473]
1 	[21, 473]
2 	[86, 473]
3 	[68, 473]
0 	[87, 474]
1 	[38, 474]
2 	[74, 474]
3 	[72, 474]
0 	[70, 475]
1 	[39, 475]
2 	[10, 475]
3 	[63, 475]
0 	[73, 476]
1 	[60, 476]
2 	[96, 476]
3 	[80, 476]
0 	[2, 477]
1 	[16, 477]
2 	[35, 477]
3 	[51, 477]
0 	[36, 478]
1 	[38, 478]
2 	[3, 478]
3 	[2, 478]
0 	[42, 479]
1 	[59, 479]
2 	[32, 479]
3 	[97, 479]
0 	[89, 480]
1 	[95, 480]
2 	[77, 480]
3 	[65, 480]
0 	[63, 481]
1 	[75, 481]
2 	[89, 481]
3 	[61, 481]
0 	[97, 482]
1 	[10, 482]
2 	[35, 482]
3 	[69, 482]
0 	[48, 483]
1 	[10, 483]
2 	[83, 483]
3 	[95, 483]
0 	[1, 484]
1 	[66, 484]
2 	[9, 484]
3 	[4, 484]
0 	[87, 485]
1 	[20, 485]
2 	[77, 485]
3 	[79, 485]
0 	[31, 486]
1 	[67, 486]
2 	[30, 486]
3 	[32, 486]
0 	[11, 487]
1 	[9, 487]
2 	[1, 487]
3 	[44, 487]
0 	[36, 488]
1 	[63, 488]
2 	[72, 488]
3 	[79, 488]
0 	[86, 489]
1 	[9, 489]
2 	[82, 489]
3 	[53, 489]
0 	[93, 490]
1 	[24, 490]
2 	[64, 490]
3 	[8, 490]
0 	[57, 491]
1 	[96, 491]
2 	[63, 491]
3 	[22, 491]
0 	[62, 492]
1 	[27, 492]
2 	[28, 492]
3 	[5, 492]
0 	[19, 493]
1 	[13, 493]
2 	[24, 493]
3 	[62, 493]
0 	[21, 494]
1 	[23, 494]
2 	[55, 494]
3 	[31, 494]
0 	[40, 495]
1 	[99, 495]
2 	[65, 495]
3 	[3, 495]
0 	[2, 496]
1 	[75, 496]
2 	[82, 496]
3 	[50, 496]
0 	[5, 497]
1 	[10, 497]
2 	[87, 497]
3 	[56, 497]
0 	[72, 498]
1 	[26, 498]
2 	[81, 498]
3 	[33, 498]
0 	[5, 499]
1 	[38, 499]
2 	[48, 499]
3 	[51, 499]
