0 	[1, 11]
0 	[1, 26]
0 	[1, 27]
0 	[1, 33]
0 	[1, 4]
0 	[1, 42]
0 	[1, 43]
0 	[1, 54]
0 	[1, 77]
0 	[2, 5]
0 	[2, 59]
0 	[2, 62]
0 	[2, 63]
0 	[2, 7]
0 	[2, 95]
0 	[2, 96]
0 	[2, 98]
0 	[3, 12]
0 	[3, 17]
0 	[3, 18]
0 	[3, 28]
0 	[3, 29]
0 	[3, 41]
0 	[3, 48]
0 	[3, 52]
0 	[3, 58]
0 	[3, 70]
0 	[3, 8]
0 	[3, 94]
0 	[3, 99]
0 	[4, 15]
0 	[4, 16]
0 	[4, 22]
0 	[4, 24]
0 	[4, 31]
0 	[4, 51]
0 	[4, 53]
0 	[4, 68]
0 	[4, 69]
0 	[4, 82]
0 	[4, 84]
0 	[4, 89]
0 	[4, 97]
0 	[5, 21]
0 	[5, 37]
0 	[5, 38]
0 	[5, 40]
0 	[5, 45]
0 	[5, 47]
0 	[5, 55]
0 	[5, 66]
0 	[5, 67]
0 	[5, 74]
0 	[5, 75]
0 	[5, 83]
0 	[5, 85]
0 	[5, 86]
0 	[6, 0]
0 	[6, 10]
0 	[6, 13]
0 	[6, 3]
0 	[6, 39]
0 	[6, 57]
0 	[6, 71]
0 	[6, 78]
0 	[6, 88]
0 	[6, 90]
0 	[7, 14]
0 	[7, 25]
0 	[7, 30]
0 	[7, 34]
0 	[7, 35]
0 	[7, 44]
0 	[7, 49]
0 	[7, 56]
0 	[7, 79]
0 	[7, 81]
0 	[7, 87]
0 	[7, 9]
0 	[7, 91]
0 	[7, 92]
0 	[7, 93]
0 	[8, 1]
0 	[8, 19]
0 	[8, 20]
0 	[8, 32]
0 	[8, 61]
0 	[8, 64]
0 	[8, 65]
0 	[8, 73]
0 	[8, 80]
0 	[9, 2]
0 	[9, 23]
0 	[9, 36]
0 	[9, 46]
0 	[9, 50]
0 	[9, 6]
0 	[9, 60]
0 	[9, 72]
0 	[9, 76]
1 	[10, 14]
1 	[10, 16]
1 	[10, 3]
1 	[10, 30]
1 	[10, 69]
1 	[10, 81]
1 	[10, 91]
1 	[11, 10]
1 	[11, 34]
1 	[11, 4]
1 	[11, 53]
1 	[11, 70]
1 	[11, 78]
1 	[11, 8]
1 	[11, 83]
1 	[12, 1]
1 	[12, 39]
1 	[12, 84]
1 	[13, 15]
1 	[13, 27]
1 	[1, 33]
1 	[13, 35]
1 	[13, 68]
1 	[13, 72]
1 	[1, 41]
1 	[14, 18]
1 	[14, 24]
1 	[14, 54]
1 	[14, 59]
1 	[14, 73]
1 	[14, 77]
1 	[1, 48]
1 	[1, 51]
1 	[15, 13]
1 	[15, 21]
1 	[15, 61]
1 	[15, 7]
1 	[15, 82]
1 	[15, 95]
1 	[1, 64]
1 	[1, 66]
1 	[16, 86]
1 	[17, 29]
1 	[17, 42]
1 	[17, 60]
1 	[17, 80]
1 	[17, 87]
1 	[17, 94]
1 	[17, 96]
1 	[17, 99]
1 	[18, 36]
1 	[18, 63]
1 	[18, 65]
1 	[18, 71]
1 	[18, 98]
1 	[19, 20]
1 	[19, 38]
1 	[1, 97]
1 	[19, 74]
1 	[2, 25]
1 	[2, 32]
1 	[2, 40]
1 	[2, 50]
1 	[2, 52]
1 	[2, 6]
1 	[3, 37]
1 	[3, 47]
1 	[3, 49]
1 	[3, 67]
1 	[3, 88]
1 	[3, 89]
1 	[3, 90]
1 	[3, 92]
1 	[3, 93]
1 	[4, 2]
1 	[4, 22]
1 	[4, 23]
1 	[4, 26]
1 	[4, 85]
1 	[5, 0]
1 	[5, 31]
1 	[5, 5]
1 	[5, 76]
1 	[6, 11]
1 	[6, 17]
1 	[6, 19]
1 	[6, 44]
1 	[6, 45]
1 	[6, 56]
1 	[6, 57]
1 	[6, 75]
1 	[6, 79]
1 	[6, 9]
1 	[7, 12]
1 	[7, 62]
1 	[8, 58]
1 	[9, 28]
1 	[9, 43]
1 	[9, 46]
1 	[9, 55]
2 	[10, 23]
2 	[10, 29]
2 	[10, 31]
2 	[10, 88]
2 	[10, 9]
2 	[10, 95]
2 	[11, 3]
2 	[11, 6]
2 	[12, 17]
2 	[1, 26]
2 	[12, 64]
2 	[12, 78]
2 	[12, 79]
2 	[13, 35]
2 	[13, 44]
2 	[1, 37]
2 	[13, 80]
2 	[13, 90]
2 	[14, 14]
2 	[14, 18]
2 	[14, 41]
2 	[1, 55]
2 	[15, 54]
2 	[15, 57]
2 	[15, 63]
2 	[15, 7]
2 	[15, 92]
2 	[16, 10]
2 	[16, 11]
2 	[16, 24]
2 	[16, 34]
2 	[16, 42]
2 	[16, 73]
2 	[16, 76]
2 	[1, 70]
2 	[17, 0]
2 	[17, 62]
2 	[17, 71]
2 	[17, 72]
2 	[17, 83]
2 	[17, 97]
2 	[18, 51]
2 	[18, 75]
2 	[18, 84]
2 	[18, 86]
2 	[19, 13]
2 	[19, 21]
2 	[19, 25]
2 	[20, 4]
2 	[20, 52]
2 	[21, 27]
2 	[2, 16]
2 	[21, 61]
2 	[21, 99]
2 	[22, 39]
2 	[22, 77]
2 	[22, 8]
2 	[2, 38]
2 	[23, 81]
2 	[2, 50]
2 	[25, 45]
2 	[25, 47]
2 	[25, 74]
2 	[25, 94]
2 	[26, 36]
2 	[26, 5]
2 	[26, 53]
2 	[26, 82]
2 	[26, 87]
2 	[2, 69]
2 	[28, 1]
2 	[28, 20]
2 	[28, 22]
2 	[2, 91]
2 	[29, 12]
2 	[29, 43]
2 	[29, 89]
2 	[3, 33]
2 	[3, 40]
2 	[3, 46]
2 	[3, 66]
2 	[4, 15]
2 	[4, 28]
2 	[4, 30]
2 	[4, 32]
2 	[4, 59]
2 	[4, 60]
2 	[5, 19]
2 	[5, 96]
2 	[6, 2]
2 	[6, 65]
2 	[6, 68]
2 	[7, 48]
2 	[7, 58]
2 	[7, 93]
2 	[7, 98]
2 	[8, 56]
2 	[8, 67]
2 	[8, 85]
2 	[9, 49]
