3.329574058313972e-02,6.769254673694830e-01,9.437570389887806e-01,5.071506900899546e-01
4.641576254986607e-01,9.569645785634561e-01,4.370716470436232e-01,2.608498983187540e-01
2.996529208525969e-01,7.272043949486133e-01,1.603896598167887e-01,9.857584580604755e-01
9.796046548364099e-01,4.004030058719398e-01,2.218243716966133e-01,1.767396116689657e-01
2.185684409568875e-01,3.353744561841497e-01,9.186431337715582e-01,5.147793220803191e-01
9.908612352158437e-01,4.760178364827270e-01,1.759939368049820e-01,3.351780528401834e-01
5.501312254101405e-01,8.371386992468972e-01,1.239089505975643e-01,1.511844879404674e-01
1.435007221025473e-01,5.993801293896992e-01,9.074348103478649e-01,4.342795142801442e-01
4.349175151706537e-01,6.949428569548748e-01,3.471605056922592e-01,2.114697711791466e-01
4.187786568684580e-01,6.023403281913318e-01,2.892978442509059e-01,6.377995677476237e-01
8.335939224925826e-01,5.949355201542376e-01,3.701071091781313e-01,1.088226952907962e-01
7.604284891260573e-01,6.336100985380919e-01,2.442096266476577e-01,1.423834074975426e-01
6.981534522708115e-01,3.844496499462571e-01,6.461189823614243e-01,7.033017693847593e-01
9.541192879822618e-01,5.974985978617943e-01,4.585912020844168e-01,2.060390392607973e-01
6.967438854286447e-01,3.023858232998137e-01,1.844893333581027e-01,7.395510533424976e-01
8.757320018819739e-01,4.340855097349350e-01,1.191656685243998e-01,4.727593828526220e-01
4.074587374409155e-01,8.083765155072717e-01,9.780040299967737e-01,2.197739626820811e-01
8.877931247689106e-01,5.637819205592669e-01,6.275814902934176e-01,1.978066717572163e-01
2.188372518973647e-02,8.018169061326763e-01,3.413539928109548e-01,8.208436207532440e-01
3.185577564377546e-01,7.975103979164854e-01,6.500893945975879e-01,3.026293646092418e-01
1.528880978961090e-01,6.445589048793741e-01,4.970170083053848e-01,6.651303742107033e-01
3.983563449943960e-01,1.154968297044286e-01,8.654511451459400e-01,6.991925421618406e-01
7.482201912507477e-01,5.332052844457549e-01,3.516524923850489e-01,4.577913649349186e-01
2.957485211351219e-01,8.704070135322716e-01,5.882291792781674e-01,3.577218153263398e-01
9.883444619342965e-01,5.485803559797912e-01,3.125294861722550e-02,2.374584473153328e-01
3.385799511361630e-01,8.827448687735509e-01,2.848924687968012e-01,5.488196003202193e-01
7.681589822879781e-01,1.638180963706388e-01,7.364397609373526e-01,6.660022216015039e-01
1.417529251356844e-01,4.191742561772092e-01,8.962385633259439e-01,5.555243893255063e-01
3.512134308006138e-01,4.948092206080619e-01,3.341570688377035e-01,7.608357945817374e-01
4.915827783146629e-01,3.479023042519326e-01,8.584468832161557e-02,8.651258540186575e-01
5.135498384943754e-01,3.036492443381742e-01,6.729990267535025e-01,3.427605848835777e-01
6.943844211225306e-01,8.371937508917399e-02,7.613000371974691e-01,3.054755892434606e-01
7.403781446011060e-01,5.731848186227875e-01,1.006595618024170e-01,5.352966151303828e-01
6.718346391995571e-01,7.340474133529771e-01,2.141783127144543e-01,6.207952639353886e-01
7.547910202677619e-01,6.129467741192296e-02,6.007533611681345e-01,6.154289327758363e-01
5.895080240975662e-01,4.709652630459793e-01,3.997444804979859e-01,2.063919363872569e-01
9.457787742571090e-01,4.852143639471931e-01,2.088544091439073e-01,2.246010323154102e-01
3.412648857698223e-01,4.415610772069540e-01,9.616852737327268e-01,4.506949895415261e-01
6.008257347015431e-01,7.581630905258565e-01,1.868127190314739e-01,4.902777012997931e-01
5.978612565867232e-01,1.975857246779944e-02,4.698724201960266e-01,5.932870683051421e-01
6.885200374507398e-01,7.752471824515371e-01,2.351075188159508e-01,3.612183220664786e-01
2.594293136360024e-01,6.101417419093149e-01,5.993217509809070e-01,4.849447751296418e-01
2.447993772847462e-01,6.791988655596766e-01,5.262866844477049e-01,4.615012464475539e-01
6.981720410420779e-01,4.234705761851427e-01,5.642110771701541e-01,5.441017169930061e-01
2.928334069658469e-01,9.106660475969657e-01,3.547243377853445e-01,3.031920034139736e-01
3.640521662116807e-01,6.968271918580777e-01,2.741943773511991e-01,6.494035889830870e-01
4.924243380648269e-02,6.819127632095412e-01,6.629726108914941e-01,5.377169172566839e-01
1.192985248947416e-01,3.653271634038293e-01,7.269157280178692e-01,8.696084194817434e-01
8.401770383078627e-02,7.568829734688114e-01,9.217640295972878e-01,2.337410556382091e-02
5.960517063121151e-01,2.217079278791984e-01,1.889147340194658e-01,9.628032228798131e-01
3.242768593474475e-01,1.641311360665091e-01,7.661363413265039e-01,6.418961258862614e-01
3.683829831058579e-01,4.833166344214916e-01,5.619052565225523e-01,3.662451647026088e-01
2.603024507719069e-01,5.567643562155852e-01,7.487804995665437e-01,4.200261173441872e-01
7.246979909031435e-01,6.038722298354426e-01,3.572690521833755e-01,3.167973221651504e-01
1.491645480539627e-02,9.261080347414599e-01,5.747323238620680e-01,6.848193043347715e-01
1.588585129991260e-01,5.605453579896237e-01,9.331050778883230e-01,3.927351531998239e-01
4.109495110056147e-01,5.131157647269591e-01,4.973257364852494e-01,6.983974932853653e-01
6.543296924670915e-01,3.023774698289556e-01,4.107942158246152e-01,6.165467938497325e-01
2.740877584093112e-01,8.018998895227027e-01,4.638588221382335e-01,5.937505252941291e-01
5.788259592783234e-01,4.951406179082658e-01,3.246537829135805e-01,8.065061647430098e-01
8.442313898990651e-01,4.846235812719000e-01,2.980508790190085e-01,2.614390000715725e-01
2.999735161608961e-01,8.339664274668608e-01,2.676094451411043e-02,8.759492770145864e-01
3.581711179053699e-01,8.571595025469193e-01,4.501089637310706e-01,3.310916531198569e-01
7.365765035369448e-02,8.500464744806407e-01,4.408758902671671e-01,4.493145039285653e-01
1.050561632831711e-01,4.627893559135529e-01,9.037298731475676e-01,2.644029437614426e-01
1.340936430996216e-01,7.634253582153672e-01,5.791811074050872e-01,4.216673352082797e-01
8.828087823313042e-01,4.298675937981840e-01,5.751738374969450e-01,3.628711855417658e-01
4.943453166049188e-01,6.326390349732421e-01,7.532820697056919e-01,8.107843321629726e-02
7.976522030946591e-01,4.083680349240170e-01,4.455125113789827e-01,2.151600125084656e-01
2.032199525657969e-01,9.914890230501850e-01,5.645197291699345e-01,1.835950540019429e-01
4.555331083377457e-01,5.043126358486790e-01,2.270302111615523e-01,9.570018878034559e-01
7.390084034661488e-01,6.935265025303624e-01,3.962212648191809e-01,3.044481150002269e-01
5.209387810869224e-01,8.124085974917316e-01,5.676124807082671e-01,2.819494205495340e-01
1.153582915561426e-01,7.403952901560060e-01,8.456409149367557e-01,2.320390759265923e-01
1.119685438005447e-01,7.033025731126467e-01,1.236828182037008e-01,9.661899756250740e-01
2.636693818652568e-01,3.705709845865556e-01,5.936463911128789e-01,7.624259325013174e-01
4.025577123304641e-01,6.985333258083010e-01,3.454158236585059e-01,4.207025191767333e-01
6.639464603159629e-01,4.378527088180451e-02,7.432962628906420e-01,5.331635717562204e-01
3.263445261864537e-01,6.756116739278494e-01,9.170762410359743e-01,6.258408700265322e-02
7.821316644218932e-01,8.820654342602290e-01,1.696226336637997e-01,2.352628072924657e-01
4.365727063617889e-01,5.326838788147059e-02,6.502107435820715e-01,8.206393524034779e-01
8.872074564487618e-01,5.137416561447562e-01,4.542188611248749e-01,1.212811447321003e-01
1.170293889643864e-02,6.130995547645820e-01,9.096288365909430e-01,6.070822595835357e-01
9.040391199320486e-01,6.139162812763999e-01,6.643114969532898e-01,3.281150831855068e-01
8.633630747980280e-01,4.319000285909141e-01,3.701169443291095e-01,4.643229658791768e-01
7.700553854543790e-01,1.604311150064582e-01,3.929315398614709e-01,3.621640510974548e-01
9.238691618268686e-01,1.323931494791553e-01,7.937561523525650e-01,1.323651586554394e-01
3.412952390363805e-01,2.144781648594184e-01,5.010833894562988e-01,6.473308336158173e-01
5.417998677883684e-01,7.020815174591007e-01,8.433030529037855e-02,7.424971931885206e-01
8.155543859423007e-01,1.464529585481875e-01,4.262186425740305e-01,4.565894125937958e-01
4.134478721821744e-01,6.660307641948593e-01,5.465725866745053e-01,5.322681252587300e-01
4.029318693722797e-01,4.704186451049306e-01,6.674204849177000e-01,7.083307704434637e-01
6.195977817140063e-01,4.925927798971542e-01,4.628335292733922e-01,7.208995167547593e-01
6.516346375257220e-03,8.673810801049358e-01,6.211586462330249e-01,6.801061249246946e-01
7.720410549048113e-01,7.018641660204172e-01,5.241674384082395e-01,1.645228646516020e-01
7.049411281089656e-01,6.748955520022524e-01,4.945134946496632e-02,5.989862624856697e-01
6.734194661560344e-01,2.505021405906164e-01,6.983340709880733e-01,6.051389173372882e-01
7.538307468422218e-01,7.293618208494074e-01,2.227009539076042e-01,4.571138826662299e-01
8.860556303281485e-01,4.110502770049137e-01,6.974604568904124e-01,1.003395548280552e-01
2.690320172013302e-01,6.682527537948051e-01,5.274691341695539e-01,6.433934676867696e-01
4.330224489965881e-01,3.881279168714517e-01,4.157729114234988e-01,4.197147563918597e-01
2.249607784179052e-01,6.736656645556263e-01,1.844266504738079e-01,7.444488399507747e-01
3.533132494066543e-01,6.376605119936287e-01,8.456603284578335e-01,3.036764023409423e-01
2.906268781668954e-01,7.345545169103332e-01,6.872610140190529e-01,6.040551456656180e-01
6.936296864134305e-01,6.419914039908049e-01,2.979107316256623e-01,3.528149472655863e-01
4.555894578423115e-01,6.429908040458265e-01,5.047259799254679e-01,3.053008489671880e-01
8.762196571462638e-02,9.360349250482777e-01,6.073073401578080e-01,6.381418573331623e-01
1.155525197947878e-01,8.311548241305206e-01,5.524259779096214e-01,6.508512618039825e-01
5.159195879745790e-01,8.382185600185037e-01,2.251914306396640e-01,3.223081254330855e-01
9.671974731946718e-01,1.708318741272372e-01,2.081843099423764e-01,5.058024799587919e-01
7.254329547257092e-01,1.589320324041841e-01,1.960987589569640e-01,6.278761694657879e-01
4.087266768530640e-01,3.584029586552803e-01,8.576381470144265e-01,6.470708008111924e-01
9.418621852528901e-01,7.344476560676102e-01,2.944197877244763e-01,1.178318239214685e-01
3.457902613498440e-01,6.516302840770516e-01,3.136034925525870e-01,5.554954769729247e-01
4.592630269714391e-01,2.948350914925513e-01,9.473356786590603e-01,2.520182387176055e-01
7.334405777447672e-01,7.313832815084316e-01,1.670055197509703e-01,1.609813464131964e-01
3.829024120735328e-01,4.475576105437679e-01,5.090339145483871e-01,7.443046003698113e-01
9.799220264000014e-01,1.091147254026019e-01,5.294191840851122e-01,9.196431370592406e-02
1.149046614071971e-01,9.724430105038884e-01,2.289886683052202e-01,7.590945840469016e-01
4.008785255658669e-01,3.490495391475332e-01,9.545522042583763e-01,1.878781971072281e-01
7.264475959825352e-01,2.088176693140014e-01,9.330668495303194e-01,1.956815109309187e-01
7.032381970435009e-02,5.407372283616239e-01,2.833734527783476e-01,9.686291419246738e-01
1.981750103297293e-01,2.547435384626451e-01,6.339327602178599e-01,9.922749232526803e-01
2.105821070011592e-01,8.050402556189051e-01,2.500931727305110e-01,8.054968891135819e-01
5.485544068927437e-01,3.963157069447455e-01,7.854201066028632e-03,8.529809548822533e-01
4.664117309741809e-01,9.981155102172129e-02,7.267577310659082e-01,7.524443777840180e-01
6.613418745448720e-01,3.177182061232797e-01,4.053132972259080e-01,7.167117736211045e-01
3.093417007276317e-01,7.023194333017856e-01,9.477521029344160e-01,1.506888040134312e-01
8.644516774621420e-01,2.581914779399044e-01,3.843231171765847e-01,7.243937706953096e-01
4.251013222438679e-01,6.714805585048178e-01,2.014245212910887e-01,7.295142391919114e-01
6.997390725782447e-01,4.973039924926749e-01,3.886725484761662e-01,5.836926500928061e-01
4.968285769385480e-01,4.152709766741078e-01,7.420919486954722e-01,4.305595148125785e-01
6.694248476065634e-01,9.157906596199453e-01,2.602120867803912e-01,4.668319231276983e-01
6.891383404960263e-01,6.154168936332035e-01,2.324457846479839e-01,3.667108429535162e-01
1.360845575250377e-01,7.411536777049192e-01,4.362786376557287e-01,6.586286127154598e-01
7.474804490361580e-01,1.279046586537646e-01,5.993110316340495e-01,2.169619826870189e-01
6.377021101082156e-01,6.563787263563650e-01,5.355706293725595e-01,1.569486488877380e-01
7.886635781675357e-01,4.709128339983749e-01,4.274825426201473e-01,1.662774627275326e-01
5.164983452203978e-01,3.818208660778351e-01,4.397281986719301e-01,7.869140922395906e-01
8.643995975341392e-01,1.642996128911380e-01,2.317742281096882e-01,9.527392622802284e-01
9.140782175007212e-01,3.011812442113698e-02,2.887517824305930e-01,9.101270192445176e-01
5.120008056654931e-01,8.485930845205590e-01,2.540086393699034e-01,2.183039367317169e-01
4.011985141232185e-01,7.714387203151697e-01,2.334336655032062e-01,6.364267854901402e-01
5.106386802131853e-01,6.295505564723274e-01,4.373359040024838e-02,8.399559809034424e-01
4.848793317713733e-01,7.582596941142805e-01,5.744861946304538e-01,2.884709520057593e-01
6.307950756596730e-01,4.258830830137560e-01,9.268604601074817e-01,1.286077734255087e-01
5.883024186697166e-01,3.669244403221412e-01,7.634096204968202e-01,1.671602562198291e-01
2.816469430935339e-01,5.475723791809900e-01,2.468197364392838e-01,6.798183869377913e-01
5.357896347035366e-01,5.083743417157616e-01,4.539497834446256e-01,2.970109668763122e-01
6.673814781119178e-01,4.426295328520715e-01,7.409867254392523e-01,9.055808645855323e-02
4.763544817712674e-01,2.225558988587724e-01,9.743439423071787e-01,9.294768557028890e-01
3.975497103353259e-01,4.121944481918137e-01,7.401214850489568e-01,2.507961414710920e-01
4.729195310533550e-01,8.210013093968438e-01,2.987083285585896e-01,4.432038621798306e-01
3.201702212712476e-01,8.572692910624358e-01,6.709160883435528e-01,2.499736908922964e-01
6.005785009035696e-01,3.437786494953112e-01,4.351507199617531e-01,5.299827733648593e-01
1.132403921724935e-01,6.400634417783515e-01,8.571171638772975e-01,5.131647528887134e-01
2.781235534929193e-01,3.258924089213453e-01,9.674577688259401e-01,1.574703225069946e-01
2.302730714810058e-01,7.476256694752698e-01,7.154134121698144e-01,4.621597970172397e-01
8.684042933015050e-01,6.778480500019335e-03,2.546067577638351e-01,6.760355438669067e-01
2.143219184076611e-02,6.690394575845903e-01,2.977702376917040e-01,8.033416086213514e-01
8.997508750318886e-01,3.253476493657951e-01,7.438915444657672e-01,1.582092436006727e-02
1.871115501988881e-01,7.798054428884553e-01,3.819592674100429e-01,3.640065740107979e-01
3.921177073447442e-01,5.981083533442539e-01,1.648624688412130e-01,6.203189381011363e-01
9.101624220522266e-01,5.704391819890847e-01,4.845709623511579e-01,3.782720771166975e-02
2.014761784401037e-01,4.863717167747970e-01,4.515877399549894e-01,8.468835388824745e-01
7.733207499928330e-01,2.509202709022640e-01,3.456851186425809e-01,5.044082456343211e-01
2.551544210462914e-01,7.347886380272772e-02,8.868491013215568e-01,6.735347346351561e-01
7.394949581192705e-01,2.996225858462320e-02,8.923527138801296e-01,3.926768520418313e-01
4.057209604885126e-02,2.242943933177266e-01,9.837010899796448e-01,6.524146062626314e-01
5.085211457941323e-01,7.773565244655822e-01,4.496564022979790e-01,3.243624634088036e-01
7.018129548193182e-01,9.251434864105096e-01,2.332955358669901e-01,1.605567985892865e-01
7.326163500420528e-01,6.418972154618775e-01,3.337201279612174e-01,3.935437711992902e-01
7.489813338572554e-01,7.044571707215003e-01,2.201845347841570e-01,2.142394308186820e-01
5.191703504350511e-01,9.409573117242490e-01,3.338883484266226e-01,5.619629851414421e-01
1.519029449432991e-01,7.632818642538919e-01,6.688255329690243e-01,4.327988926252865e-01
9.289776219866697e-02,9.134790906143084e-01,4.422876067033951e-01,5.166238937752594e-01
4.820340827285521e-01,7.915479535393849e-01,3.920092828779393e-01,4.094397901985080e-01
4.684002509314392e-01,1.432284417606520e-01,3.347746560352766e-01,9.773348612334926e-01
8.949020790034071e-01,4.602617001350705e-01,4.344405616552719e-01,2.198217582260397e-01
7.272277194563658e-01,6.735271675238441e-01,5.708081676149596e-01,8.667794862491229e-02
1.876245590141300e-01,1.887885012009185e-01,6.531932235585629e-01,9.108744466174096e-01
9.927089271142668e-01,5.369602539736285e-03,4.827234742026670e-01,3.711097516635183e-01
5.300251443457186e-01,2.268613728513550e-01,7.565896660820342e-01,3.728734995193535e-01
5.095657638523584e-01,4.788363051907092e-01,1.908464438224324e-01,7.609506926809223e-01
7.282737184645085e-01,7.244799572493962e-01,6.698484719564645e-01,1.606101302669447e-01
1.795382039298359e-01,9.689654770908108e-01,2.568722783992228e-02,7.361379375224927e-01
3.730147242049175e-01,2.865746803510909e-01,6.968837370289130e-01,7.672974180673696e-01
9.559507832061405e-01,2.727995657149710e-01,6.016327081418417e-01,1.605455454153255e-01
5.106458907013953e-01,5.085756727385508e-01,8.271942792719330e-01,1.890583530705918e-01
6.384737659317252e-01,2.951113520318374e-01,9.260710201396396e-01,3.415843180326977e-01
4.246016416264115e-01,1.282862486375582e-01,9.933582002027755e-01,3.377997601976532e-01
8.626235664136902e-01,7.772473752534123e-01,4.043403878085878e-01,1.021692207429223e-01
5.503913917114773e-01,6.690004272019292e-01,3.512340176466314e-01,5.922942010331516e-01
6.596368914039548e-01,8.100940185629203e-01,4.933790359727557e-01,1.124589075776827e-02
5.957468228032810e-01,9.620682494749129e-01,6.594979436830315e-01,7.532639336695163e-02
6.252976678337330e-01,3.009574763640779e-01,3.445760574961202e-01,4.831000893600402e-01
1.561519494102199e-01,6.517433052398518e-01,9.351474865869110e-01,2.939112357789516e-01
5.442727952761385e-01,1.981295827878224e-01,5.714304647516508e-01,6.004007690410843e-01
4.817483039533519e-01,7.033725312397048e-01,4.260290964128243e-01,5.007803951601103e-01
9.781980407138637e-01,6.035967967738968e-01,1.110861651138386e-01,4.898059515992991e-01
8.710582938062104e-01,2.417573097227336e-01,4.723138414962319e-01,4.260330964762790e-01
8.525224788227878e-01,3.446303724174900e-01,3.790427311817400e-01,2.913745428589720e-01
8.474294197534764e-01,2.183002309891496e-01,2.033640444187662e-01,4.965867784153796e-01
5.819029262287421e-01,7.388729269380439e-01,1.852302978598956e-01,2.551608461936081e-01
9.650816069372301e-01,8.342161777020679e-01,2.767057002264595e-03,2.610077947232756e-01
5.359166404174089e-01,1.540523652303333e-01,4.490383616947636e-01,8.185941131341773e-01
3.020472799152037e-01,6.674189279876892e-01,5.113945141189259e-01,7.374638556709183e-01
2.210936374228546e-01,1.663760237498277e-01,4.598856989380843e-01,9.660361116272564e-01
8.548602484775666e-01,3.242119639566621e-02,6.345359188853357e-01,7.533506155919786e-01
7.322916287184589e-01,2.575778168727467e-01,6.081504124968157e-02,7.969551832180300e-01
7.061494848065020e-02,2.811542983780655e-01,8.112009916988185e-01,7.057774578170464e-01
1.212920345378238e-02,9.988560167198575e-01,4.870530074289149e-01,3.869621864813123e-01
1.218658705727191e-01,4.939368047573989e-02,9.103929714651010e-01,7.471244715835380e-01
8.857511898303270e-01,2.058838874030011e-01,2.273498790431038e-01,7.284017399973644e-01
6.819825208628347e-01,3.579627205062554e-01,4.794860306074344e-03,9.272993311199513e-01
5.849946983696714e-01,3.583045474001036e-01,1.419666070901101e-01,9.185348824851327e-01
8.694534925798394e-01,2.458665015945103e-01,2.845774914653509e-01,5.730901790559675e-01
8.350597127241669e-01,1.518514370268639e-01,9.550935157909465e-01,1.732247846002957e-01
8.470364335376801e-01,4.391068275103115e-01,6.074946522839159e-02,7.219935470634200e-01
7.226633337190160e-01,1.479472499245714e-01,8.654986607471774e-01,2.898864291554904e-01
3.925664251464562e-01,5.675064430505206e-01,8.962388559587842e-01,2.489683490200417e-01
5.023733560325236e-01,6.633860277191763e-01,6.783690183882847e-01,7.786253863666498e-02
4.297088174716455e-01,3.539820154960883e-01,8.674262808543078e-01,1.101994721198115e-01
2.822071743945632e-01,7.851135994468451e-01,6.426079056741303e-01,3.837557429235892e-01
2.214930244538984e-01,3.507764705662376e-01,8.814982732656336e-01,7.140854289528807e-01
4.483815584570675e-01,4.526204307185506e-01,4.192807177366423e-01,6.119670648753304e-01
4.326311047692571e-01,7.219085422775121e-01,3.288372890722266e-01,3.896318989513090e-01
1.356121741646681e-01,8.109198134748336e-01,2.552998584287584e-01,5.281014228950685e-01
4.008315950267562e-01,5.488378069477072e-01,8.410154449884594e-02,8.136089670868272e-01
1.479788368633199e-01,3.493593085435391e-01,2.891645260688481e-01,8.681200423986771e-01
5.497029796383377e-01,3.774524500588097e-01,2.734251773027516e-01,6.504487948862361e-01
9.116062959652773e-01,8.848205906241104e-01,1.674901461774764e-02,2.618228494895986e-01
6.255006245332043e-01,7.510040074777524e-02,8.232135229699744e-01,5.999223301980211e-01
4.025866120110606e-01,6.925471024596741e-01,5.443040627772282e-01,4.106351509674484e-01
3.915946906520652e-01,9.254073703101404e-01,2.233699332821110e-02,3.577214251958175e-01
1.797556867699429e-01,9.467686137501008e-01,8.233927303109619e-01,1.439602404961277e-01
5.533794369215792e-01,2.616521976449033e-01,1.614154399707075e-01,9.805806177905644e-01
5.124502051712281e-01,7.540802312932177e-01,7.402112683818324e-01,5.523559356959851e-02
8.438610311998673e-01,1.087153510426092e-02,7.747110709250618e-01,6.181351189937359e-01
7.992766321744469e-01,6.471091617389539e-01,9.983740511936889e-02,5.048868616437479e-01
3.141414122335211e-01,2.418409437713747e-01,7.380356220283897e-01,7.555924983098048e-01
6.704641766374899e-01,5.763962411858086e-01,2.882456543789582e-01,1.863171181431518e-01
6.901863842665286e-01,1.984306507454076e-01,4.913566403258448e-01,6.923521747567286e-01
6.635549056950363e-01,5.571210915084205e-01,2.299333516508358e-01,4.569334692509637e-01
3.705417553416900e-01,7.832596378199124e-01,3.889338503342045e-01,4.756830431293730e-01
1.516002144637946e-01,5.074722675818140e-01,4.336772551481761e-01,5.480912650598015e-01
8.786283659277105e-01,3.613909376635507e-01,5.655805930307907e-01,5.774302789177732e-03
5.465757523685233e-01,1.190571119814876e-01,2.562480965349703e-01,7.659288493224659e-01
2.087016016260547e-01,7.279682943256958e-01,8.837440215342105e-01,2.552567004146742e-01
4.419418498360665e-01,6.626037272541163e-01,6.867101138917813e-01,1.341747493272282e-01
6.317208594950172e-01,5.330652839489718e-01,3.725425039025461e-01,4.572576365352657e-01
5.822661584115386e-01,4.017030056910065e-02,7.533273090459364e-01,7.079041797678906e-01
7.505627482502287e-01,4.421075012768101e-01,3.077176262492834e-01,6.491627633086299e-01
7.558790366953727e-01,6.347810924992088e-01,5.745440290667146e-01,2.779414130198188e-01
9.630455759913457e-01,2.910917448178002e-01,7.321785785784758e-01,2.088275120272982e-01
7.065300424429863e-01,9.321675809968392e-01,3.260819394078028e-01,3.144762223727260e-02
4.579284555588478e-01,1.558970276469933e-01,9.188075718405148e-01,3.346018272471778e-01
8.686881041475514e-01,3.064926051676772e-01,3.870557733640950e-01,6.577552839603475e-01
8.437718057590265e-01,2.004200014739472e-01,3.283992861500060e-01,5.845362593854798e-01
4.469360771504130e-01,4.864693288009005e-01,9.393251088691947e-01,1.489139130186823e-01
2.318149148030643e-01,6.977967765158508e-01,6.646887909863606e-01,4.147381930425512e-01
1.838004082586159e-01,3.739347531405148e-01,6.454271612758546e-01,6.459442068271071e-01
1.790511791604459e-01,9.197944034860464e-01,6.128221674017156e-01,2.385388485060055e-01
6.040146806466784e-01,6.562701843173502e-02,7.759756501099387e-01,3.750816263135553e-01
9.355927049577800e-02,4.214868852539576e-01,2.778263201284989e-01,9.801743558492807e-01
4.963422017013348e-01,6.814679037449312e-02,4.576383004258454e-01,8.930028265310793e-01
9.826384880162150e-01,8.012571375666244e-01,1.484494811809002e-01,3.164037845204859e-03
5.669503188857365e-01,2.426192567374095e-01,7.894251074457028e-01,6.082615661021764e-01
6.566791119252163e-02,7.746340139005754e-01,8.537536774614177e-01,4.809940373772333e-01
2.060607611048763e-01,7.723698625783124e-01,5.247932583553226e-01,2.477222675411785e-01
6.814282011700472e-01,2.931346748890189e-01,3.886779865833849e-01,5.483940430458434e-01
4.559247850402689e-01,8.669385354478732e-01,5.822185593260202e-01,2.855377896635819e-01
4.419834333740313e-01,4.635497046714645e-01,5.443081704856281e-01,5.296668799348780e-01
1.899670165945921e-01,5.944239749768613e-01,8.988246536559990e-01,4.736679222620223e-01
6.190602709742126e-01,9.453815246228829e-01,3.308102174640716e-01,1.182062413817521e-01
2.334718102314836e-01,7.819194197470444e-01,1.081263315752983e-01,9.865343963102017e-01
1.945793273635144e-01,4.574609195437786e-01,4.620230344620536e-01,8.634838670180114e-01
9.552427992614907e-01,2.877755051653575e-01,4.569613969232353e-01,2.758739495469690e-01
5.588937451343874e-01,9.308567115071025e-01,2.529754936279511e-01,4.668153947656926e-01
4.562849309545302e-01,1.712535728977525e-01,8.732787628069942e-01,2.331672874809234e-01
3.033838743948307e-01,5.742109505974224e-01,2.340733380226491e-01,5.544294480185009e-01
4.800851050851628e-01,4.620121177781102e-01,6.299488456146427e-01,3.799910659403655e-01
3.075962995518684e-01,9.402833614377031e-01,9.966836025777692e-02,5.105574560978768e-01
4.374821229655284e-01,7.464102717970187e-01,3.307561359570123e-01,5.649268021304603e-01
4.275960858234237e-01,5.924048955388622e-01,9.813116278131879e-01,2.469678343464939e-01
4.928642275785592e-01,5.370775040847090e-01,9.436340547442660e-01,2.782327430413822e-01
9.462276181806087e-01,3.380978718909170e-01,3.998670916389692e-01,3.796233841796827e-01
9.804065634877923e-01,8.537505903972237e-02,8.756660586807914e-01,1.242947854210568e-01
5.717617724142171e-01,7.273290137324825e-01,5.401720593659121e-01,2.580617054029588e-02
2.427076970537079e-01,3.349277005112810e-01,5.325709863576549e-01,8.298716043250902e-01
6.032442485029667e-01,7.768957663676995e-01,7.233778076042183e-02,7.321950146697890e-01
6.421393351551448e-01,9.531251968226579e-01,1.071602938770512e-01,4.669347705925566e-01
3.966923740260747e-01,6.042623998482212e-01,9.792498316261651e-01,3.695619953066283e-01
3.111704166092253e-01,4.385131552870873e-01,7.048644931077099e-01,4.297594684446828e-01
6.139435373211022e-02,8.032486351770272e-01,5.663058369527538e-01,4.410586362745597e-01
6.576996503507903e-01,8.215606278528459e-02,6.480087100959147e-01,4.688624112517936e-01
7.658254210901186e-01,3.347922798306555e-01,7.786303827882344e-01,5.027323825043700e-01
4.937074680590691e-01,2.668476508901154e-01,3.887116478333761e-01,3.185884076849604e-01
6.071333237295876e-01,1.982116869284303e-01,9.424869433870102e-01,1.822159335326694e-01
2.867192278879578e-01,4.668381950372223e-01,6.075978840556210e-01,6.026220841647218e-01
1.680765159890591e-01,5.962681067879695e-01,7.366799980002916e-01,4.370369846342902e-01
4.712358084533750e-01,3.167187800736178e-01,4.151231308809128e-01,9.226895868425060e-01
2.305812349750886e-01,3.537575654833748e-01,9.888386411726855e-01,3.804176326289593e-01
8.231550042558797e-01,4.134067036619687e-01,3.723931991982860e-02,4.288110457278203e-01
5.566758790717166e-01,3.068912782179334e-01,7.317366077584671e-01,3.966704624666100e-01
4.545480831104375e-01,8.128401485550709e-01,4.082067548686948e-01,2.921542990400614e-01
5.277768305937655e-01,5.606014322931686e-01,3.794312746341203e-01,4.290636237052426e-01
4.969002997811161e-01,4.058523813022359e-01,9.249643865535433e-01,1.231068124513831e-01
1.389978164832929e-01,4.093302318529182e-01,5.965983521604015e-01,7.869060529404589e-01
2.585372881379718e-01,9.410464947592243e-01,2.289217634022946e-01,5.741244636385235e-01
3.157522980244444e-01,3.396814585616685e-01,4.540646426571213e-01,6.198377654448378e-01
7.426971828981770e-01,5.070874159300377e-01,4.981303950082784e-01,9.969352286140709e-02
4.025222098698232e-01,2.200266102731742e-01,7.001139273802360e-01,5.603324440733679e-01
9.794465249415736e-01,1.982336691133026e-01,1.333813074690670e-01,8.563739004494193e-01
7.510752117208803e-01,8.038620368183439e-01,1.335764363329395e-01,4.394239018550491e-01
5.708691937480412e-01,5.412708131384625e-01,5.837713166662116e-01,4.869966686526693e-01
8.442592612211075e-01,1.174683235495751e-01,6.672924804890555e-01,2.969053181276711e-01
1.477623910521445e-01,4.261436481678307e-01,6.347557481540094e-01,8.106875204657816e-01
9.157343299116385e-01,4.373321142164581e-01,1.860582119080783e-01,4.266023799130151e-01
5.881142484786068e-01,8.370759725127057e-01,2.720759376186667e-01,2.503026553253634e-01
7.939694239082455e-01,7.628838665150928e-02,7.869867578046843e-01,5.013319953309650e-01
4.104405872836491e-01,5.033284542590214e-01,5.864017612586508e-01,5.471822049737981e-01
1.854724166435066e-01,2.290270536560158e-01,5.549773733549554e-01,9.050861856334775e-01
3.768698431814531e-01,5.816507866656018e-01,8.584061622784835e-01,3.027037789192711e-01
4.545214834120355e-01,5.916154226937623e-01,2.790835926858808e-01,5.346675720269267e-01
5.668932982817328e-01,2.213044765607313e-01,3.802686209977004e-01,9.848374880457864e-01
6.832945314410468e-01,1.842578444194179e-01,8.921271193581971e-01,4.094192688195637e-01
7.740486881800832e-01,3.423128549576027e-01,7.827730630556060e-01,5.670482462186327e-02
1.218638356983493e-01,5.823781904627348e-01,3.701990330527809e-01,9.640654294302682e-01
3.269000246626794e-01,8.250319519255936e-01,4.414848119848295e-01,6.208093725012069e-01
4.258066628786952e-01,3.926734794099837e-01,7.118220200125646e-01,4.736430535386242e-01
6.206173253570182e-01,4.876533284537685e-01,4.607558114655125e-02,5.944753700002279e-01
6.485127976189361e-01,2.099612534392217e-01,7.355941204536157e-01,7.019496231078597e-01
9.120731485110393e-01,4.965207080969269e-01,2.233928719238237e-01,1.251585810982832e-01
5.868559040097072e-01,7.712901331377244e-01,6.657668395589840e-01,1.103937641084066e-01
3.673080626222668e-01,8.987708763537081e-01,9.169220319752761e-01,8.354969435089710e-02
7.792274214179781e-01,6.121931266372256e-01,1.033368220431534e-01,4.563715719171284e-01
5.501118659201638e-01,6.551789507359350e-01,8.110693369929658e-01,5.215927453141700e-03
4.984030758763486e-01,4.948922534266290e-01,6.267746660228457e-01,4.939718057260544e-01
4.525051069076967e-01,8.408485065733164e-01,9.327375649874220e-02,6.805404634989781e-01
4.765363333111716e-01,3.467831551738771e-01,8.683514085916484e-01,2.051153996154144e-01
9.610208538056826e-01,9.776303175252393e-02,4.696589455224290e-01,5.267085161711993e-01
4.710653908483647e-02,6.038717419816315e-01,8.744364950961316e-01,4.906950375481260e-01
4.518333534367760e-01,2.796233682500548e-02,9.225341944027579e-01,5.894189357010609e-01
2.082399189413657e-01,6.050349449193964e-01,7.486106799333904e-01,5.155458652407711e-01
5.280755015150210e-01,7.393770669054688e-01,1.410223880099193e-01,5.494361354842603e-01
8.733487242044198e-01,3.383189014453225e-01,3.494432252036678e-02,4.215024339057110e-01
1.872811749037497e-01,9.103368216804885e-01,4.361194314300323e-01,3.701274396933810e-01
3.490452582358844e-01,4.594105447067410e-01,8.357524628248205e-01,3.146022770011093e-01
2.516650262354440e-01,5.936457311413900e-01,1.269932554728560e-01,9.553038198259275e-01
1.258453217397207e-01,8.176404133600537e-01,7.942198782598437e-01,7.236908457668062e-02
3.807975673734496e-01,3.449128548430610e-01,5.695680979258210e-01,5.652156762076537e-01
2.795246987925541e-01,8.849965805735670e-01,9.875677835791403e-01,6.369913672152733e-02
5.841069672080561e-01,4.015751004025059e-02,9.423421009735641e-01,5.378241848776726e-01
5.374938926720347e-01,4.629882951172350e-01,7.301479113829736e-01,7.269821509634768e-01
7.970739878553039e-01,5.151776986761041e-01,3.813006433545402e-01,6.056753842486930e-01
8.264980485031481e-01,2.660640660947817e-01,1.424960268103713e-01,5.482554676848068e-01
5.308442035158312e-01,3.498974574781846e-01,4.480928056243202e-01,6.194656065913328e-01
7.494477094875027e-01,3.609029335098872e-01,3.069082091074120e-01,8.907221275985562e-01
5.273414448265890e-01,2.937029875419595e-01,4.837358381710798e-01,4.115815029942869e-01
4.355208224444697e-01,6.626469090006775e-01,1.004938347315835e-01,9.918365719913969e-01
7.374776650086561e-01,1.183248750663566e-01,1.532162054063296e-01,5.097981739038731e-01
5.844796403753200e-01,3.957108682343092e-01,8.202209935536113e-01,5.784622854454742e-01
9.748223261901514e-01,5.714681139747113e-01,3.154970943624603e-01,3.580595508398735e-01
4.951657532428189e-01,7.596772522021149e-01,1.501980360506754e-01,5.144064137892508e-01
9.559495937848490e-01,4.273129524453578e-04,7.905180371494105e-01,3.197650613555454e-01
2.799920478304143e-01,7.854005245311223e-01,6.851772528005960e-01,4.563910680744304e-02
8.541303909573268e-01,6.274565258780206e-01,1.763063529510320e-02,3.753163184566131e-01
5.390547693491277e-01,6.542335495532841e-01,6.847945475570998e-01,4.867872256882346e-01
7.008861824785965e-01,4.310574660698965e-01,5.792022900669260e-01,3.337895636726381e-01
8.263019308460408e-01,5.393403455845489e-01,8.023224702993439e-01,1.049988251474234e-01
2.586550388989515e-01,8.945761710470220e-01,2.991092015829316e-02,5.924759046718555e-01
2.352656687421752e-01,7.645868398541519e-01,3.119689192381370e-01,6.766537718713681e-01
8.592241531223725e-01,1.762901926114890e-01,1.012815944109731e-01,7.349554830997246e-01
5.896090337634560e-01,2.587760713761222e-01,2.359490741514592e-01,9.461741152695246e-01
8.192978746463748e-01,1.280837909516520e-01,2.987783390781676e-01,6.611327222735752e-01
3.539899428405327e-01,4.741982276799609e-01,2.665055688143766e-01,6.770750967857867e-01
2.992143753382748e-02,6.822894423425605e-01,6.140679109405761e-01,5.953523003432536e-01
4.946562852589053e-01,3.864167979764673e-01,7.036280922517311e-01,1.472313222818384e-01
1.316087919068311e-01,7.573091322960906e-01,1.009848857469469e-01,9.793951671226121e-01
8.101701394181708e-01,5.877753133312209e-01,5.944969661792734e-01,3.531090869947078e-01
6.240454545544996e-01,9.619382835138738e-01,1.673510692119410e-01,2.213485475494416e-01
7.261292060657726e-01,2.715648853277802e-01,5.181200920534306e-01,7.573370261029100e-01
9.172922433422076e-01,3.453107795615835e-01,2.962299004325978e-01,2.315868930711815e-01
5.544853285226271e-01,6.640770987013083e-01,6.371782452810157e-01,3.523788908846740e-01
3.305207111290892e-02,4.404352567705118e-01,6.715689132609733e-01,6.884418336064093e-01
5.231944687504224e-01,5.161808050280331e-01,5.258505569289882e-01,4.845845138242900e-01
2.442071198537321e-01,8.863054437089364e-01,2.861290252293507e-01,6.705488607968462e-01
5.545612039255614e-01,5.246699565555846e-03,3.227761994112460e-01,9.627537394615033e-01
7.953917342467229e-01,5.845131401407804e-01,2.250859994956830e-01,6.390749140288805e-01
6.261674476671099e-01,4.272010107822145e-01,9.996729002291049e-01,1.603339866814574e-01
5.738117475314111e-01,7.570564050106642e-01,2.461046508052519e-01,5.050051343718269e-01
3.698216384275611e-01,4.672022747569126e-01,4.103174501296953e-01,7.615910392802799e-01
3.208388440179035e-01,4.863149207867146e-01,2.887262921432767e-01,8.190019246889133e-01
1.167806864608945e-01,1.333543267991930e-01,8.224323592086398e-01,8.866495026140315e-01
3.668569323042347e-01,7.322923610141053e-01,8.639538243124593e-01,3.716985573230536e-02
2.493412986071133e-01,5.092249511391126e-01,5.964141430265153e-01,6.283190015904699e-01
2.370887701393314e-01,8.297455671003116e-01,6.770912924393007e-01,2.802833442703081e-01
2.732810804819051e-01,1.554329154519666e-01,5.222178980986614e-01,8.275171576449253e-01
4.026084933659292e-01,9.697699325092871e-01,4.280992501331042e-01,3.148344772947836e-02
2.207707788419536e-01,8.506862597630701e-01,7.272629984506273e-01,7.378533488707972e-02
2.083535158183135e-01,3.807270791172505e-01,9.012248020275068e-01,5.821518694988671e-01
8.817523167248250e-01,8.476034904677938e-01,3.246988514034843e-02,1.581294238607535e-01
4.409084324074579e-01,6.087734654787973e-01,6.623285390727673e-02,6.584397747968787e-01
4.274797889043371e-01,9.761293825488959e-03,6.088835896313382e-01,7.744132873240145e-01
8.235264588455018e-01,1.373085387125572e-02,8.796353269809207e-01,2.194518525994809e-01
6.625807737983191e-02,5.168075954920082e-01,4.554263880783481e-01,7.445618506279024e-01
9.091803425323663e-02,6.202024034019307e-01,9.249799876486015e-01,2.604535196772149e-01
7.276410060568249e-01,4.561602923379259e-01,3.046201025362248e-01,3.833072289696613e-01
5.311054878491192e-01,2.527855998556476e-01,7.357042030503117e-01,2.473397518628890e-01
6.197651440304769e-01,8.962517629252775e-02,9.692811605565916e-01,3.170631401129954e-01
7.990217462957736e-01,5.081901326153209e-01,3.484507983378088e-01,3.973012332449243e-01
2.830262933423688e-02,7.101711678285167e-01,3.985062139509867e-01,8.821412362388826e-01
6.632340037886766e-01,2.996265179645565e-01,7.332121323208054e-01,3.014468064315438e-01
5.006989595743472e-01,8.034060048064122e-01,9.344844434576123e-01,2.322298699145109e-01
3.143495038076266e-01,7.891170390142999e-01,6.179498761114294e-02,4.865826464118623e-01
2.946974479326581e-01,2.896577556270004e-01,6.073748512897873e-01,5.079536275381019e-01
2.519825575244689e-01,2.453211989053532e-01,7.852736040369317e-01,4.900796620060233e-01
1.388485764793652e-01,2.035404777817289e-01,8.484041891808546e-01,8.691344286560979e-01
1.392176838115183e-01,8.725886891500348e-01,7.915409281385547e-01,3.362676944562858e-01
9.862675341748561e-01,3.643811273697916e-01,5.875186722352244e-01,4.258534622614523e-01
5.614955744075718e-01,7.449974523036448e-01,5.936570808884662e-01,3.260766878151956e-01
5.139664460534523e-01,7.291326350985607e-01,2.134970426933837e-01,3.534179278394091e-01
2.778455661517892e-01,9.274160538442958e-01,3.419079413663755e-01,1.985256075252833e-01
2.040574001629239e-02,6.901494667798469e-01,5.931270345099138e-01,3.233580577967849e-01
6.247797217289385e-01,6.172013214798489e-01,9.442839229591806e-01,1.157606939914209e-01
5.061338767748385e-01,5.567713221908097e-01,3.909278948025459e-01,4.407422007555737e-01
8.513281871162413e-01,2.268228280335051e-01,5.770919607311362e-01,1.614186060516822e-01
9.451344700112538e-01,1.184318409236046e-01,1.244550210664232e-01,9.159373789200069e-01
4.818638061401737e-01,4.693542130155013e-01,4.598881136364370e-01,5.115394848363479e-01
7.444009397316413e-01,3.183110743561318e-02,8.740914439094244e-01,3.323139302984484e-01
5.568427917446086e-01,4.476441034756043e-01,1.289548264735140e-01,7.839128450889961e-01
6.101485823700503e-01,1.540700415971588e-01,4.222219828239240e-01,7.952317930328889e-01
8.664759919747578e-02,4.138347895934364e-01,6.463475635193117e-01,8.742935015967258e-01
1.325799875465070e-01,2.534616962585144e-01,8.725634162840750e-01,8.255245874263615e-01
5.104002229278789e-01,3.685456720364002e-01,4.544241848211061e-03,8.580949409402965e-01
1.150309484096865e-01,5.715104033388168e-01,5.671114309061750e-01,6.559547169858844e-01
7.379748153788250e-01,7.762557779926346e-01,3.764687709250241e-01,5.174177085596476e-02
1.776044260962873e-01,2.507576905790105e-01,7.682066510756831e-01,5.098800215654575e-01
5.168612520522184e-01,7.391081343103222e-01,1.987703675537715e-01,3.654491751715687e-01
3.905914329964911e-01,7.488569811693376e-01,4.138503094545010e-01,6.143407977187900e-01
4.658547603420269e-01,4.846110328166016e-01,8.392627708332150e-01,1.148320818507213e-01
2.482487696822693e-01,5.941020232901871e-01,3.671983589417728e-01,7.152742892053983e-01
4.565267159434633e-01,6.382865384993577e-01,3.565238806997445e-01,2.950993348499502e-01
3.465698881161863e-01,7.039672463253579e-01,9.615058859975710e-01,1.716579181623901e-02
5.415575403139581e-01,4.788685880677149e-01,6.729244820137930e-01,3.534193735375788e-01
6.325632371577292e-01,2.678204052012749e-01,7.814565116255304e-01,3.317385199240667e-01
7.927225949228056e-02,7.049586718216161e-01,4.766671452810702e-01,7.274016389651021e-01
3.398624437786915e-01,5.623773108076916e-01,8.152382694253114e-01,4.843358440964247e-01
3.406269949892135e-01,3.923264187469205e-01,1.513205054961592e-01,9.798772218450572e-01
1.073760484035508e-01,2.369373157894065e-01,8.184784373554441e-01,7.501516233784877e-01
2.523594289172551e-01,9.362140985132280e-01,4.505618988186342e-01,4.520698234890812e-01
5.417860763011209e-01,7.474946678851343e-01,4.173348785674448e-01,8.247230481551071e-02
4.200222686299201e-01,5.483469254774863e-01,5.612340519011940e-01,4.221372884793904e-01
5.188792667941315e-01,8.223323989831554e-01,1.695715635336482e-01,7.157816917675999e-01
2.195955609299181e-01,6.393890895395204e-01,2.169335481492079e-01,7.541661260389996e-01
1.835779367724777e-03,5.428280524304165e-01,4.480133720935504e-01,8.779269344813661e-01
4.231491936717913e-01,4.749010589585144e-01,8.684099060265881e-01,4.558145307608767e-01
7.489130370694252e-01,1.328546854963963e-01,4.875210467106491e-01,7.824943233625271e-01
7.270263328428328e-01,1.969253315510600e-01,3.857329414131314e-01,5.824018364698513e-01
2.073031423347481e-01,3.912350694865505e-01,3.847372613426692e-01,8.749147939615757e-01
1.648774585324988e-01,8.452385007134834e-01,3.944592935795768e-01,6.083479388700345e-01
5.973425569052024e-01,2.663663658022137e-01,6.176911920200537e-01,6.372677803797504e-01
5.028996684236009e-01,7.939166112256636e-01,2.840875276371883e-01,2.594532731292258e-01
4.265392573099543e-01,3.811852220462769e-01,3.976106921894124e-01,9.371847612266310e-01
5.244114908301390e-01,3.064986184976226e-01,6.673120878719375e-01,5.884166533110291e-01
1.051078529519687e-01,9.801790658776051e-01,1.226415786380400e-01,7.408055802111002e-01
9.010569392576484e-01,4.520397740435774e-01,8.573720039684634e-01,1.353084181560757e-01
2.910202834142530e-01,5.818542365476888e-01,6.533520406593255e-01,5.211463301147272e-01
1.420546426251736e-01,7.269282388626960e-01,2.062711482804177e-01,8.428410315938570e-01
6.309268622783094e-01,5.533070333236085e-01,1.044840275150044e-01,5.257272478362236e-01
8.389681600537185e-01,4.813395032748990e-01,8.553257744096379e-01,1.235834376642577e-01
9.753352835679268e-01,6.489093042866088e-01,5.216430718259291e-02,1.780828792759420e-01
7.681894583862059e-02,8.879716629863588e-01,6.810867286800684e-02,7.814455689774104e-01
6.156291618462617e-01,1.653083603296459e-01,5.849066053572956e-01,3.112360554511505e-01
3.859908791418819e-01,2.964829117426669e-01,9.520754039557647e-01,2.667664421241932e-01
4.368246055743479e-01,7.006218286677113e-02,8.673687657962317e-01,5.400241275083857e-01
1.853806166352918e-01,7.572247597828455e-01,8.243764235286878e-01,2.404682323374021e-01
6.327702276950017e-01,3.941512773983592e-01,1.052683056815402e-01,7.381360273027535e-01
4.256227482001017e-01,5.074582397694447e-01,5.415711141934162e-01,4.067579143824782e-01
8.223368351139524e-01,5.682391156869468e-01,5.935475747172382e-01,2.776068548048317e-01
1.937983285600704e-01,7.228868828139270e-01,7.838428681499817e-01,3.202801279777440e-01
4.536844422335579e-01,7.062655547527494e-01,5.547867574636332e-01,2.506714691374932e-01
8.866788176232908e-01,1.113739432720293e-01,6.956520078743840e-01,9.108403044701296e-02
2.020984437956245e-01,4.395342834021432e-01,6.152500962369120e-01,4.105725659629065e-01
8.687099426922535e-01,1.059650305229045e-01,4.475857698176542e-01,3.834552522517846e-01
9.345906135930870e-01,9.468998184827060e-02,5.910290240894387e-01,4.309291881098191e-01
5.086460839293724e-01,2.716934727191993e-01,8.653554058965283e-01,3.299019550814711e-01
3.970715713178941e-01,7.405977297543999e-01,7.692403053708533e-01,3.046681794000185e-01
8.657002727044398e-01,1.557760196339959e-01,4.461193509294235e-01,7.133779551619063e-01
5.905246711347836e-01,7.292663207363081e-01,7.665197742314189e-01,1.426831922544317e-01
6.362616890744144e-01,6.291426208469419e-01,3.172162219255547e-01,2.633732016581835e-01
1.830408598511345e-01,5.071580589523358e-01,3.545040658472559e-01,6.021939597213646e-01
8.672970204084046e-01,2.773493468345629e-01,6.894429454719617e-01,8.290576386426529e-02
8.451162936945475e-01,5.868978816423844e-01,1.104179045452076e-01,7.630106145242468e-01
6.908973796519001e-01,4.233892605716454e-01,8.322398419773145e-01,4.048529363316578e-02
8.663627613395900e-01,5.657396463598545e-01,7.994792683411484e-02,9.210873612836262e-01
2.323421614251037e-01,5.697747724389853e-01,8.115316957902240e-01,5.596650982615855e-01
1.876433468953813e-01,6.438030285499036e-01,6.334915530384220e-01,1.978180921057562e-01
3.654837684764481e-01,6.394847680577470e-01,7.474251866265497e-01,1.331149503596452e-02
8.457904249298382e-01,3.984386834287579e-01,3.690868328269818e-01,2.915436219506748e-01
2.550421372571431e-01,3.800982328592291e-01,6.122309449085923e-01,8.047514027225572e-01
3.031007730853140e-01,9.364410249414414e-01,3.551699259277761e-01,1.487303591692798e-01
4.817381469218348e-01,6.389532161317393e-01,3.253043308826181e-01,4.452367857648898e-01
5.903535254619658e-01,6.568972228301833e-01,7.070355421109134e-01,2.322455386616684e-02
3.115095421311304e-01,3.825991976630713e-01,6.478249914220989e-01,3.217409567490107e-01
2.812324358386680e-01,6.547479294334554e-01,5.080365448755302e-01,2.965386817680287e-01
2.747324363110670e-01,4.575809137846224e-01,5.940124776563630e-01,7.201869136322827e-01
5.470144743246029e-01,5.910086232847696e-01,1.521315591587682e-01,5.978786847185028e-01
6.024854056766609e-01,7.461191158535874e-01,3.678328106311127e-01,5.062781080709687e-01
1.337600580103759e-01,4.215992152907433e-01,7.843650014259355e-01,6.899879207949634e-01
2.526828969681221e-01,8.100770610886575e-01,3.555760734323161e-01,4.037024453266801e-01
6.593745991616500e-01,4.619335638731308e-01,5.532297078810706e-01,4.210532691859328e-01
9.233921235035608e-01,2.068744759723987e-01,8.223736774539367e-01,1.512706966468909e-01
3.328195213398806e-01,6.163976260893559e-01,3.301649021764992e-01,6.882764079582951e-01
4.561400831479810e-01,3.908029890888066e-01,1.228088875738764e-01,8.218316161767094e-01
1.506478010447760e-01,9.172602789092641e-01,3.565772820665697e-02,6.757496479412759e-01
4.606047683714793e-01,7.972157914229793e-01,4.715856251902375e-01,5.287988915822969e-01
7.370136831679830e-01,4.938797898877555e-01,4.397146726089792e-01,1.472198824804485e-01
4.147384109171399e-01,5.100726035444706e-01,4.632608916956396e-01,6.159163159860471e-01
3.642506026502353e-01,5.324625214823713e-01,3.219955300146899e-01,4.646293365982973e-01
3.838247671665326e-01,4.011364076932947e-01,4.016999788568743e-01,6.887061614785046e-01
1.803582227819528e-01,9.656621947834517e-01,3.703868482369654e-01,5.266527664804586e-01
3.595057158797388e-01,5.619970964037179e-01,3.342369197428528e-01,6.740369163885287e-01
8.230086629371971e-01,1.357100623669447e-01,7.578622928671824e-01,1.669954265126959e-01
3.389344065409780e-01,6.663077953806917e-01,9.673978664303429e-01,3.653853269429611e-01
5.012777353234116e-01,5.294897207062070e-01,8.661227781634538e-01,5.658966464594295e-02
3.138624046790883e-01,1.865382907166109e-01,9.487941499996261e-01,6.084608337711422e-01
3.407047556789906e-01,8.104296101268446e-01,2.786448518941804e-01,3.626517112668364e-01
1.971130713400835e-01,4.303819946221339e-01,4.230269952369040e-01,3.683026882961654e-01
4.027480150762295e-01,7.934291159507292e-01,8.551866518350177e-01,6.412946082960935e-02
5.312562605457877e-01,6.015426354191864e-01,4.166021132867864e-01,4.681796595088181e-01
4.691146290313608e-01,1.276406301717162e-01,4.226004142569411e-01,9.274173231618587e-01
1.620044975907581e-01,9.943652849452574e-01,4.317513345641144e-01,5.976295459564135e-01
6.220910478860795e-01,9.731303011907949e-02,7.069104352584235e-01,7.319599077352253e-01
9.821885081820358e-02,4.990830764565786e-01,6.890564945826614e-01,6.094563032142828e-01
7.659166037479724e-01,2.999611093873717e-01,1.415694960421593e-01,6.416433729000857e-01
6.963195872054061e-01,2.332384394954115e-01,2.371264668851395e-01,8.991647970621375e-01
3.756203005451798e-01,5.636710506630594e-01,3.237803669692187e-01,9.089277964712323e-01
2.657845222610473e-01,3.889228101322244e-01,2.974743913475749e-01,9.662001759716284e-01
1.463714515565918e-01,9.974454040930905e-01,8.877080259723480e-02,6.793921982249151e-01
6.835096881041480e-01,1.897193484884268e-01,9.765681339864823e-01,9.532828831265983e-02
6.981788576442199e-01,3.257434075202236e-01,6.657252942469836e-01,3.632892648846788e-01
4.131043563217306e-01,7.907919468108515e-01,5.162274105250351e-01,4.845223828002232e-03
6.270143427166412e-01,9.533445132476911e-02,6.437635250634099e-01,5.403944998812926e-01
1.298645614081891e-01,7.982135907045896e-01,3.682788289121995e-01,5.320669159324078e-01
3.584033775072223e-01,3.165538342274606e-01,5.413948461804858e-01,6.344841816153048e-01
8.502900539526133e-01,6.306821697286216e-01,2.315514656490452e-01,9.838195882186485e-02
3.490123051880431e-01,6.170541803671379e-01,6.014482167260429e-01,2.891970614630398e-01
4.313101637047972e-01,5.404133759439120e-01,3.097363958168391e-01,6.341714636746627e-01
2.914968540672332e-01,1.801791168072465e-01,7.813460015864986e-01,4.264115086142485e-01
3.002262051343648e-01,6.735283778308805e-01,3.605557791257588e-01,7.022202086739584e-01
3.538702095204864e-01,3.830565920027076e-01,4.316738522654961e-01,9.252510532770294e-01
5.707356119289515e-01,2.787036646679306e-01,5.590621324124865e-01,5.430264949886821e-01
8.047839119276894e-01,2.384051778746741e-01,7.658584078531313e-01,1.679564007277804e-01
4.448707643880752e-01,8.541900306108625e-01,5.862082922158708e-01,3.723239698682782e-01
5.620721511703948e-01,5.913570477531200e-01,1.637377108692983e-01,4.938356922214131e-01
8.250707781942228e-01,1.371580974181721e-01,2.739417684812654e-01,9.387366581612633e-01
5.674865864455944e-01,4.170728773545127e-01,2.860474901015906e-01,6.506420638795308e-01
3.900802653136138e-01,8.997602909574304e-01,3.905452557276066e-01,1.902164919017646e-01
7.846439770780991e-01,2.261973468604900e-01,2.689724026538971e-01,6.579044563359322e-01
7.802906179149874e-01,3.965754465940061e-01,5.096409778293933e-01,1.151938304040447e-01
8.614186668833099e-01,3.317421053056137e-01,3.095187538399688e-01,2.705807111265559e-01
4.091199772339927e-01,7.481683654441676e-01,7.921709608047891e-01,1.891900905412061e-01
4.948888001599495e-01,4.232534101335923e-01,2.473595727656449e-01,4.848580140694572e-01
3.824130366018272e-01,9.624018448800825e-01,1.341701805094609e-01,5.713722352501731e-01
2.534380571752243e-02,9.370422668487890e-01,9.518825311371734e-01,1.811985680503345e-01
8.720964513981742e-01,3.906909118775790e-01,1.245067537162189e-01,5.381202122127736e-01
7.708297817205222e-01,9.350717624766113e-01,1.419968101180831e-01,1.389344478625780e-01
7.579155255479060e-01,5.095979553934848e-02,8.161859250892732e-01,7.006762310204412e-02
6.272017803574270e-01,2.324023372376607e-01,3.739657036609285e-01,7.877706949945678e-01
6.206537991976930e-01,1.445753839138491e-01,8.923465229525692e-01,8.256905915006991e-01
5.711276700461456e-01,6.948465736625672e-01,2.505266009191490e-01,7.856347494691672e-01
2.446683415470281e-01,9.945965384838971e-01,3.843160543857228e-01,6.488641347153111e-01
2.770468442899601e-01,7.512999047952198e-01,3.925501075519283e-01,3.729311667868733e-01
5.339017310733463e-01,2.353273734004243e-01,5.662889514453572e-01,5.991603784447549e-01
5.473589127402784e-01,6.435805673717522e-01,1.481009045585956e-01,5.901144138400857e-01
5.478056061437080e-01,4.811307650614970e-01,1.506803941490489e-01,6.417486429291089e-01
3.735047250225244e-01,9.073308016534311e-01,6.741094591493116e-01,5.147315750381239e-01
6.259332513624760e-01,1.198152291459913e-01,5.361194341459355e-01,9.674408935475097e-01
7.821794622248429e-02,4.494515747204005e-01,8.810428204646715e-01,6.146153117443781e-01
2.958236367280984e-01,2.279255638954676e-01,6.995658770665951e-01,6.746676556641138e-01
5.633767264819191e-01,6.252515559363070e-02,8.395062820339003e-01,7.400387208759950e-01
7.880520050460893e-01,6.397283486815699e-01,1.800171508945305e-01,3.396189818823369e-01
1.122454643104135e-01,8.821452150746819e-01,2.178835857657184e-01,6.658312299950903e-01
6.561195271875473e-01,7.624796638679225e-01,3.762555013428448e-01,2.098938135321394e-01
2.635286404930044e-01,7.695046346605414e-01,5.607416503386558e-01,2.083017068830422e-01
7.597367002567172e-01,4.680785756044858e-01,2.382270778439809e-01,4.790799819186678e-01
8.031426496381923e-01,3.180145690377445e-02,5.645658358065124e-01,6.830871596509349e-01
1.931333866877655e-01,8.983765159719308e-01,4.751304753430569e-01,5.555095010117466e-01
5.245144309936587e-01,2.171986624352069e-01,7.352342016888046e-01,1.242546113192999e-02
6.058032795828341e-01,3.353754520014004e-01,6.948474821998454e-01,5.738467168571473e-01
2.340884233474609e-01,7.955493800613288e-01,7.000331428404994e-01,3.407174113177414e-02
7.798024615000659e-02,8.550656330298170e-01,7.157315887542322e-01,3.383971663384135e-01
7.392525316027957e-01,5.797558790221723e-01,3.573710545175403e-01,3.498777392272531e-01
3.419205259105854e-01,2.765958247531357e-01,6.495317628920350e-01,9.653353448158520e-01
6.898616175512691e-01,6.580591347593082e-01,2.977451857998373e-01,6.587332989128167e-01
8.288123960667364e-01,1.508230924662237e-01,3.042055893240811e-01,9.559761874429537e-01
3.440695349269864e-01,3.479764557420663e-01,7.093545425142804e-01,2.806079859716443e-01
7.952190916034688e-01,1.854948161781643e-01,4.953026778228926e-01,7.438767613489411e-01
4.399953087490568e-01,4.394076582883182e-01,1.617005299020586e-01,6.716699386759297e-01
4.392465475688052e-01,4.422659567089010e-01,4.272628403974776e-01,6.865539293424882e-01
5.976204797955669e-01,2.179845701395982e-01,9.088762129977805e-01,6.304967969612942e-01
5.789145144364740e-01,1.308291121044919e-01,3.407768462304491e-01,6.847891772955035e-01
8.068576895357159e-01,7.845839379813129e-01,1.120516955796930e-01,2.746564564997138e-01
5.460556094540934e-01,4.078732725798052e-01,4.399827285516666e-01,4.583380496419990e-01
9.036159519531048e-01,4.114077405407186e-01,5.693304528061783e-01,3.374453566420651e-01
9.268913691778691e-02,3.162949680201520e-01,8.359597397137886e-01,9.159771820653314e-01
9.919190268693758e-01,4.992823655540807e-01,3.231591075764784e-02,4.479421241884025e-01
2.567214605536530e-01,5.341185735960661e-01,4.541368085469238e-01,6.860574611624044e-01
4.003302958772845e-01,5.726397068905080e-01,7.049200615083643e-01,5.331543022159778e-01
7.871048158860001e-01,6.042829137708104e-01,6.602626961697271e-01,1.263267403173185e-01
5.276555867343259e-01,4.746784037231724e-01,4.889810019050576e-01,5.717353795719723e-01
9.565099367385475e-01,7.741502113079815e-01,3.311412047358478e-02,4.180401059667156e-01
4.807246616081692e-01,3.727397869862187e-01,2.865960768644245e-01,9.462775565993902e-01
8.861972148859796e-01,3.072767069490366e-01,4.512520225193184e-01,5.309462057116352e-01
2.484471547963716e-01,7.340127908173955e-01,3.758695153563569e-01,5.569340239986473e-01
4.408470803170471e-01,7.439667028940459e-01,4.269354413949995e-01,1.910740999898689e-01
4.157682340211910e-01,6.815590219197585e-01,2.046488041089754e-01,6.075374976257640e-01
1.518340820080821e-02,6.878438638924037e-01,9.012114050597169e-01,5.805663974845811e-01
8.140768522093857e-01,2.929022859851534e-01,7.024770231750364e-01,2.328684194455758e-01
7.299892740937904e-01,1.987935227040635e-01,7.701721789053555e-01,7.271523180333404e-01
3.596822634631652e-01,9.180851541491100e-01,5.019975364373159e-01,6.223897402161670e-01
3.980327119252315e-01,6.961331251172206e-01,7.533449349821226e-01,1.834749744449224e-01
8.082372998233256e-02,5.516290779870296e-01,8.517173658965458e-01,7.440048245100712e-01
5.401435005742906e-01,5.486434212703907e-01,2.946506296803518e-01,6.295246699594256e-01
6.178357572726643e-01,9.960847877122151e-01,4.878234498350927e-01,1.254070805862533e-01
6.407648195282653e-01,3.848952362971545e-01,1.060114938312706e-01,9.085482578161130e-01
4.240497296123575e-01,6.649280196935710e-01,3.935346960284433e-01,6.210165013519450e-01
7.945976005247232e-01,1.536544669886763e-01,3.414791133094409e-01,6.835914362100303e-01
8.155069646216814e-01,1.074679950218247e-01,9.662989039512386e-01,3.792913168537130e-01
4.317832503171863e-01,5.461849712986799e-01,8.612988525963898e-01,4.897687766484051e-01
4.793216643191165e-01,9.747144125087729e-01,1.512077483767682e-01,3.134951341922548e-01
4.739556941987487e-01,5.207526689760622e-01,5.010871730287727e-01,5.603134364235162e-01
4.182199021111232e-01,1.208935948867919e-01,4.518985731546861e-01,8.365502721649699e-01
4.832337440615867e-01,7.902042869088859e-01,5.243020251942534e-01,3.769337004235277e-01
7.345383500005401e-01,5.066035066864002e-01,5.824066251016655e-01,5.083997810053138e-01
1.136216333577264e-01,8.188109856819030e-01,4.733527473054994e-02,7.950979927095296e-01
9.988136048131728e-01,2.508492572161526e-01,5.918439739159485e-01,4.834925681906620e-01
4.692172586075362e-01,8.718397387211516e-01,1.928592854249560e-01,6.162101184184345e-01
3.385286093250977e-01,3.136946771897394e-01,8.024454893863140e-01,6.699236297455435e-01
6.692379659176245e-01,1.843865369048140e-01,5.721182003090520e-01,5.236376592513106e-01
5.341243249583404e-01,9.723257207865261e-01,2.083530820530667e-01,4.665653621138628e-01
5.864768624136757e-02,7.686021694148494e-01,2.333946311980222e-01,7.885430529659416e-01
2.429924864433211e-01,8.927586173236313e-01,3.557735301046910e-01,5.331001376559729e-01
7.270569170149290e-01,3.516948859046888e-01,2.787665821718670e-01,3.686467580882992e-01
4.571199390466732e-01,2.439392961309526e-01,5.697484045042588e-01,5.036435058049212e-01
4.885806943903326e-02,9.408909689125537e-01,6.125324014113385e-01,4.726569460969536e-01
4.664795547304625e-01,9.850615451820319e-01,7.383468945255022e-01,2.675093122580646e-02
2.903703100735712e-01,8.021016472713449e-01,8.172948151423698e-02,7.259972859137207e-01
1.487688520194395e-01,9.685883055493874e-01,1.424154012095462e-01,6.802501966855555e-01
8.813614752874286e-01,2.113651576743533e-01,3.737537328944997e-01,6.466323989398577e-01
9.730234074696609e-01,4.721348990321415e-01,1.804386073989210e-01,4.225653966611383e-01
8.199098120619690e-01,7.597135100048963e-02,7.327850383026562e-01,1.177158080652306e-01
1.629113130449238e-01,6.972804095158260e-01,8.543624330184877e-01,4.600401066512491e-01
3.827582495248348e-01,2.542173792389092e-01,2.930580950455840e-01,8.830607475296971e-01
3.695364034066023e-01,9.975669869833471e-01,5.042837171985354e-02,5.522762777524599e-01
6.538892634243336e-01,5.071356978557112e-01,2.705281642116283e-01,5.203498178387881e-01
7.022767413398728e-02,9.325136654668980e-01,5.196202060896304e-01,4.427076357342374e-01
4.412901339714116e-01,7.141777713833819e-01,4.162005828650296e-01,7.287055231963397e-01
1.333203784680413e-01,6.338818284199405e-01,6.946068502448774e-01,5.213114594227359e-01
8.434736230433916e-01,4.365529776706688e-01,5.020599889905000e-01,1.397691132553051e-01
5.071240051268792e-01,4.060537410974274e-01,3.709447390100464e-01,4.161986488059287e-01
5.158573150510237e-01,3.772448685212769e-01,8.816652630357240e-01,3.829614599534693e-01
5.170200480471615e-01,9.296380539009745e-01,7.034100346928843e-01,1.270748572751040e-02
4.643879392809931e-01,1.446548323588794e-01,8.621449398192157e-01,1.270663780632056e-01
3.420877893428010e-01,1.397462622722487e-01,6.603269174180576e-01,8.161526378597512e-01
8.790540259797786e-01,4.873322551123457e-01,5.551562625490924e-01,9.805047028407132e-02
2.077653841990701e-02,8.225744730464681e-01,6.139554540567658e-01,6.124575282761251e-01
7.140360522901695e-01,4.383366094592744e-01,5.697275962833536e-01,1.501417349543868e-01
3.457190671220630e-01,1.475087625033326e-01,4.245868788073774e-01,8.946206521828819e-01
4.991720789899530e-01,4.039389053465586e-01,8.513454923856648e-01,2.682705087591091e-01
4.278669192010400e-01,7.218843741727172e-01,4.710488733818355e-01,3.112031677654145e-01
8.927726812233314e-01,8.307809077476236e-01,1.465616124378032e-01,9.313881089680509e-02
2.713109808201059e-01,5.273420897826447e-01,7.200140516688189e-01,5.355674023216075e-01
6.222201729310572e-01,5.592505142852637e-01,1.242695543428380e-01,8.459262003661768e-01
4.193780578773905e-01,5.024632750488762e-01,4.609496601609765e-01,3.741415167850118e-01
7.827145103284205e-02,1.158833594076600e-01,8.420866742257376e-01,6.312063360279992e-01
5.966233167390926e-01,2.161299835307906e-02,5.751069256671140e-01,5.835124105036396e-01
1.952340814182114e-01,2.458700783010758e-01,8.226141203806300e-01,6.362451333739052e-01
4.715989969188752e-01,6.652532840430134e-01,9.392914614115819e-01,1.428881693823009e-01
1.039077922551608e-01,6.708468718402119e-01,5.229128434535131e-01,7.419358304255277e-01
3.451399235205816e-01,5.794584772359379e-01,8.114647565401311e-01,2.278813441629221e-01
8.938248796246652e-01,7.982050965163099e-01,3.074508559934183e-01,1.897460419488379e-01
2.597979816452994e-01,9.279780696757882e-01,1.184003720728298e-01,5.090872993880735e-01
9.717575367068232e-02,2.960795236358326e-01,6.745815404920926e-01,9.673214985897266e-01
5.642241997127007e-01,5.523536553949946e-01,4.618773541989750e-01,4.893146050851532e-01
8.791877295170889e-01,4.303822171506605e-01,4.597150778717755e-01,3.441653635493520e-01
3.004313340341479e-01,4.983309517678992e-01,4.809302191798774e-01,6.133550086413537e-01
6.853958151158799e-01,4.308852332055317e-01,2.854300214426898e-01,4.610579488754464e-01
1.136696830790148e-01,9.998183119894348e-01,7.947798899694670e-01,1.462002825451383e-01
5.170334819736324e-01,7.444774055398078e-01,4.396081873883095e-01,1.642119017024226e-01
2.682990121010563e-01,1.428257226157593e-01,6.715836987119713e-01,8.470414667808138e-01
4.334515731085209e-01,6.094431355102538e-01,9.034935577910302e-01,1.451846371951742e-01
6.168199699439965e-01,2.134561335661710e-01,4.835334477234539e-01,6.717732803858021e-01
7.588312626233631e-01,1.125232036330803e-03,7.882356610284659e-01,2.967720305125405e-01
3.531509818132670e-01,6.415774632954578e-01,2.080785780886142e-01,7.120018019646559e-01
3.497826929758254e-01,3.841693489068629e-01,7.337279872519746e-01,7.634431121412686e-01
5.982814012135923e-01,2.321215921334485e-01,6.086560159089133e-01,5.669143578449254e-01
5.081324899583972e-02,8.926407017107914e-01,7.739937719626123e-01,2.438792311125223e-01
5.503929419065012e-01,3.162713027755744e-01,8.245873430087920e-01,2.829706259478717e-01
6.236484823130962e-01,4.546235455874211e-01,8.655069485526938e-01,2.282341667043815e-01
4.994830641529902e-01,4.849179878277663e-01,3.037904566486938e-01,9.243372900434774e-01
3.530585040493666e-01,9.651816651257825e-01,5.871544829342019e-01,1.884062501457461e-01
5.878358214948159e-01,5.544351964566873e-01,2.223018706039294e-01,8.036851913938331e-01
2.942714964474926e-01,4.220758055802368e-01,7.194140829108128e-01,4.021635791686853e-01
3.829992497181040e-01,6.441615455535783e-01,6.561549536337210e-01,1.667224216840588e-01
8.200507421813115e-01,6.236133399326099e-02,3.889027425625625e-01,6.225032800323034e-01
4.187851608907640e-01,9.334057836290047e-01,3.796341259657999e-01,3.341134978311131e-01
2.138896134699831e-01,9.175361770845232e-01,2.719754000351261e-01,5.256343991747443e-01
1.651767977784613e-01,4.791580572494960e-01,8.183484848730286e-01,4.012993454892450e-01
7.650638984025939e-01,4.698113172178774e-01,1.276059540761265e-01,5.931201625262597e-01
3.376468865671670e-01,4.899050002882314e-01,8.976366349295962e-01,2.590181876751462e-01
5.964758088809700e-01,6.378742665404454e-01,5.430664107050228e-01,1.076014084165015e-01
2.605206603675270e-01,2.571366249507955e-01,9.976413839087341e-01,3.376440440079559e-01
4.041407630563398e-01,2.731355961460941e-01,8.555289703018636e-01,2.697343277394812e-01
7.360479638368355e-01,3.031136432394106e-01,7.425586374600691e-01,1.593084017072792e-01
2.106884864475408e-01,6.920321432422316e-01,4.250829539097609e-01,7.475009425727208e-01
1.117928835439054e-01,9.755221493121127e-01,6.795556650910930e-01,1.323433112170452e-01
4.725378187173820e-01,6.078273079361695e-01,5.801701482914888e-01,4.321254054337441e-01
3.556181334488679e-01,5.984845582090690e-01,2.932198293378061e-01,4.401522630671879e-01
1.583800679685029e-01,6.644571304261014e-01,2.514569833209671e-01,8.107827373358175e-01
1.475403003209530e-01,6.875058722040892e-01,3.653002243851454e-01,9.720516256237021e-01
6.883707436044809e-01,3.260205065752515e-01,3.335869516029388e-01,9.046240148121513e-01
5.720065867616337e-01,2.493456907512873e-01,5.982205893827283e-01,3.748824431056009e-01
7.609539648810788e-01,1.011266850715392e-01,5.715443703813948e-01,7.951245839697263e-01
4.387486709931495e-01,6.660158731698091e-01,3.437762343668072e-01,2.962366240367216e-01
3.629835840232791e-01,6.209233810542328e-01,1.493966759797745e-01,8.768354151184151e-01
5.098024681225246e-01,8.467581537531772e-01,7.635607816918534e-01,1.017372740676588e-01
4.550147760839448e-01,3.243196931257898e-01,5.258586128349078e-01,8.389221088978730e-01
8.252490687998305e-01,5.556141543869714e-01,4.992551436212729e-01,1.353684051384596e-01
5.866434944565113e-01,4.826323017638454e-01,8.574037798254255e-01,1.961605621148171e-02
4.081545399195715e-01,2.012155348559140e-01,8.094702078842341e-01,8.354784835217858e-01
6.255579371094122e-01,5.246827503307347e-01,9.706312758511790e-01,9.433598549660971e-03
3.387275352712647e-01,1.192459402286206e-01,3.822708364176167e-01,8.903478471233565e-01
6.378553979451695e-01,7.644462427765352e-01,1.384132680985221e-01,5.295542842471140e-01
7.322113135077455e-01,1.344220082652536e-01,9.842827007600052e-02,8.105698528080501e-01
9.571042156050951e-01,5.112290486270608e-01,5.704494762697467e-01,2.086256605239021e-01
8.403949228795834e-01,6.974580555377191e-02,4.360229805891960e-01,4.892940133244260e-01
4.589618436521467e-01,4.669675594838188e-01,9.002977336711139e-01,4.258685535402198e-01
2.159336985184692e-01,5.341374865406995e-02,9.389477010534244e-01,6.246631108503627e-01
1.834858294404776e-01,8.972531371670204e-01,1.899018623152099e-01,7.995364069057770e-01
3.445801058363746e-01,4.868637484384967e-01,8.152696596704694e-01,5.063649322906691e-01
2.726007591749786e-01,6.123343565418311e-01,7.012410651702493e-01,2.859113549674107e-01
7.100484628223745e-01,2.832167394150169e-01,5.557413286185526e-01,5.166042664743017e-01
7.920425258339742e-01,6.187918415492739e-01,2.339624813069303e-01,4.837204130759596e-01
2.385902288470487e-01,5.229990900892763e-01,6.032318500973322e-01,8.344197437424298e-01
3.783360471063316e-01,2.207545184848739e-01,1.758172292923367e-01,9.049165344919756e-01
4.175486691073418e-01,9.734419956111292e-01,4.132290814369470e-01,5.367095120736398e-02
9.330427907169425e-01,1.049411861243747e-01,9.768423314047837e-01,7.248069512126865e-02
4.278614305868026e-01,8.780134862329644e-01,3.164920598213004e-01,4.015505394426612e-01
8.434489477441689e-01,2.884453433294228e-01,5.995357634160265e-01,2.274099002219588e-01
1.385224430933671e-01,8.119509219424906e-01,6.917458545985596e-01,2.270077365014369e-01
8.076417755221583e-01,3.333209945981185e-01,4.666163296144040e-01,5.740197105960970e-01
2.057563637951215e-01,7.282360165498654e-01,5.823614903421471e-01,4.167851167192428e-01
4.027135827252649e-01,8.209798382313042e-01,2.609880447774282e-01,5.546910591517920e-01
5.342357624809868e-01,6.164235958203115e-01,9.374871231804438e-02,5.451797625028157e-01
9.165166877963457e-01,1.939518532414320e-01,6.612723359214735e-01,2.097367387660648e-01
5.641565942300941e-01,7.605887810573546e-01,7.391746359159480e-01,1.190989092040873e-01
7.089526568944871e-01,3.006813982502909e-03,6.254694093407134e-01,8.187475288406513e-01
7.631044717556956e-02,9.942057627819585e-01,3.807935544483929e-01,8.363630993803461e-01
7.450571387800844e-01,3.176890484301496e-01,5.553390600466229e-01,4.850528729376388e-01
4.761038108842878e-01,1.828896435374860e-01,6.888636139111670e-01,5.423628089347284e-01
1.349307626831725e-01,2.773669931053514e-01,7.028916221278718e-01,8.680068086760324e-01
1.483831903427427e-01,8.463505463489887e-01,3.516600007949772e-02,9.235085698268486e-01
4.076681101266241e-01,3.275607890012824e-01,6.890777624830693e-01,8.925590113596181e-01
2.557916817404251e-01,4.108790800589770e-01,8.274851854579413e-01,5.356383415556976e-01
4.204500405254554e-01,2.830449329160490e-01,9.381659343417330e-01,2.105290966543922e-01
4.945335907165291e-01,2.430129269093492e-01,4.817892609232459e-01,3.747846562905207e-01
1.454638031519108e-01,7.906422306643334e-01,6.952847091794278e-01,5.121067395565974e-01
4.654660734057902e-01,3.182281715770060e-01,9.374227989613008e-01,3.648603809633907e-01
3.578482877543832e-01,9.775762550442152e-01,7.579723589710325e-01,2.609445228537222e-01
6.309208301554345e-01,9.331042886146227e-01,1.636732484460204e-01,4.627491469732276e-01
3.576699501185843e-01,9.113998265600266e-01,3.239962617858756e-01,7.014115463668423e-01
2.813240125855463e-01,4.518941828425946e-01,8.312829106119753e-01,5.284013312436509e-01
8.069230670181431e-01,3.046445429274527e-01,5.563561055785456e-01,3.423539950252107e-01
8.946911247878988e-01,2.858048475871415e-01,3.136847967274785e-01,2.898270182685392e-01
1.824682095765969e-01,9.793118373758816e-01,4.950487874367686e-01,5.201769380944462e-01
3.523150702622625e-01,1.219687197702348e-01,8.168575482983307e-01,8.919436019817971e-01
6.228309337071934e-01,2.515071147991819e-01,2.852235148215411e-01,8.908125508053647e-01
7.714116600888686e-01,5.834903615163078e-01,2.713219517024310e-01,2.691021315124744e-01
2.414419913867415e-01,3.057472828239637e-01,3.582425009930117e-01,8.723713382216521e-01
3.294843268342988e-01,7.469136634809741e-01,8.772178479299734e-01,1.671794141558851e-01
9.331255677737963e-01,5.730472758918511e-01,2.743997301960681e-01,3.688390030079083e-01
7.882036739128406e-01,3.492511714761215e-01,7.093595815482088e-01,2.132241529514884e-01
4.758749373901123e-01,2.482357185718218e-01,9.319366724360383e-01,6.061714231254629e-01
5.714793113812686e-01,4.081371463687462e-01,2.188898909519645e-01,6.816633467959003e-01
5.177079916807770e-01,4.090672872920219e-01,5.014361487172341e-01,6.320884317202591e-01
6.032756315231624e-01,7.002185749838504e-01,5.965283478901026e-01,1.670912563962788e-01
3.826902519248935e-01,1.391351118323854e-01,9.994036231788067e-01,3.166537514712506e-01
8.518060755928186e-02,6.439363557658577e-01,4.263260473659063e-01,6.634482480573074e-01
4.490585904051760e-01,5.666603195372930e-01,3.601217486831582e-01,5.501202578224283e-01
8.506401109661718e-01,6.730544016265347e-01,4.813040645304706e-01,2.601718056465254e-01
3.747902194886756e-01,7.648375593909208e-01,5.510313375625686e-02,8.826606012563128e-01
1.910875348745911e-01,7.686603876179101e-01,3.047500030221870e-01,7.700770753723847e-01
6.971723038465649e-01,6.522192759518880e-01,2.176508179862518e-01,5.422767758418905e-01
3.198636368085661e-01,6.072142835976342e-01,6.674527701741382e-01,4.985329528980139e-01
7.384218355079787e-01,3.907261368378397e-01,2.246178649231497e-01,4.415547762559027e-01
2.782011652886257e-02,8.600733504111655e-01,1.294724260338882e-01,9.651152484373864e-01
2.888317198039161e-01,3.449802464543601e-01,3.554693608068549e-01,8.321527407243812e-01
4.550094282179607e-01,5.706517235311580e-01,7.077785197973927e-01,3.510161767762612e-01
9.432379647172560e-01,2.809554190936211e-01,4.478215663349643e-01,1.333770651784706e-01
4.489240598888061e-01,4.120882551691932e-01,4.860177300155094e-01,7.593271769333140e-01
8.307563870671867e-01,4.143502019488911e-01,2.540554653209702e-01,5.968230516673468e-01
5.667059429266028e-01,2.729355395050496e-01,7.557172106578773e-01,3.182110951635152e-01
5.342285140303165e-01,5.402731380463492e-01,4.527640679930014e-01,7.967818068139375e-01
9.521873003244641e-03,3.174950511625028e-01,2.714739433908312e-01,9.642248919734868e-01
2.775266130038577e-01,8.900220243110635e-01,4.299678295046744e-01,4.243265175180012e-01
7.350773679493210e-01,3.202863977819826e-01,2.004501793878569e-01,9.641425883457329e-01
6.373082683475638e-01,3.318402888753216e-01,4.398376413410529e-01,6.550114060396295e-01
8.106665095040786e-01,1.542404376327582e-01,6.015130788452574e-01,3.461742426189494e-01
9.709813330210442e-01,6.423926959699169e-01,5.950572722065983e-01,1.058215339487099e-01
4.770957162620844e-01,5.220872990725702e-01,8.983054048761099e-01,1.441904894090453e-01
3.678224630445209e-01,7.468983536710156e-01,6.855712214186019e-01,1.366170458119613e-01
6.050516767910173e-01,8.825733464858476e-01,2.988669760059470e-01,6.483281097338319e-01
7.919541441718405e-01,1.240747525002529e-01,8.904515232635722e-01,9.841274819067292e-02
1.929310035334061e-01,5.590409850313036e-01,4.255768193405056e-01,9.069582065813382e-01
6.958725117556215e-01,4.447682636760715e-01,1.765119715240711e-01,6.713155844012975e-01
2.964753885957583e-01,4.718613642677197e-01,4.174261658936994e-01,5.687560208539453e-01
5.821865637377828e-01,5.598167592735754e-01,8.537476812165496e-01,2.960865140114103e-01
2.831790625265838e-01,8.002313258260976e-01,5.365050266117706e-01,2.005948429963934e-01
9.663154812156232e-01,8.823282093093554e-01,1.636704025017337e-01,6.187231489117478e-02
3.782084196081975e-01,1.357178603228352e-01,5.540629494365763e-01,7.595997684109925e-01
1.515407578909436e-01,3.514980277261751e-01,9.792244148277149e-01,8.667862820570778e-01
6.026093208471048e-01,8.151220912073150e-01,4.734356641265808e-02,4.910209085500928e-01
9.077113191248299e-01,2.253359058934956e-01,2.307414645488490e-01,5.285769279050533e-01
7.470127104277159e-01,6.348657783638245e-01,4.302275136641631e-01,4.308152292823964e-01
3.762506382304359e-02,6.221347965592565e-01,5.136784790195694e-01,6.618859784368123e-01
2.796059546100907e-01,9.059226434325377e-01,2.641014380829254e-01,6.635422032406688e-01
3.041965537281355e-02,3.944261147813889e-01,8.235503152158560e-01,8.467557237960424e-01
7.465285020313239e-01,6.165094984149784e-01,3.793082597424927e-01,2.391595046837416e-01
3.942076681535793e-01,6.154660354482817e-01,5.483353868272351e-01,5.305774147265663e-01
7.542825641146967e-01,8.430124414703429e-01,5.231158155257173e-01,1.996236734289817e-01
5.180717162066102e-01,2.354195831567008e-01,3.374551491594535e-01,9.780740228897784e-01
8.808869779851847e-02,6.785985634558862e-01,5.457381084953764e-01,4.086254347564539e-01
3.466719734000131e-01,6.347196249121293e-01,3.209426874992416e-02,9.393566443854720e-01
7.291904339454798e-01,3.748463326613965e-01,6.469232485639582e-01,3.395518943219575e-02
2.682973711307670e-01,6.337479697121765e-01,8.958313555576803e-01,2.830675615806496e-01
2.035506533959811e-01,4.773578352949686e-01,4.482420850878212e-01,7.760546467044130e-01
7.319438009913362e-01,1.430762002448224e-01,9.089366570420249e-01,4.787272204274323e-02
3.184048305991229e-01,4.839783555310634e-01,3.656460030669414e-01,6.886756220688925e-01
9.076381267230891e-01,2.872644460315715e-02,8.975615717953015e-01,3.096866086049539e-01
4.797393828011788e-01,5.751927850680411e-01,3.316896283207189e-01,5.177403212491174e-01
3.039110856006117e-01,8.921186011343195e-01,3.763826510990386e-01,3.229406909784850e-01
8.058265886121302e-02,7.267968979555194e-01,4.682598927282248e-01,8.797132018241887e-01
3.724343433905956e-01,4.364834575782839e-01,9.758124964340890e-01,4.569173926232677e-01
5.847075586241792e-01,6.551978845233190e-01,2.006482694343951e-01,4.629778658202339e-01
9.999755631373166e-01,5.325163466214811e-03,9.616803335276735e-01,3.677487658008766e-02
5.833300224630764e-01,4.610496641514563e-01,3.690215587688360e-01,2.723732128097466e-01
4.247783717514953e-01,5.964358570323994e-01,1.727775489209785e-01,8.326289460803170e-01
1.434597667206687e-01,5.936194186712949e-01,6.928239598462096e-01,7.077633672618562e-01
5.798881228259944e-01,6.218792459406046e-01,1.828044343376815e-01,7.254801241037128e-01
2.204244265163104e-01,7.916946324436330e-01,8.713843692862251e-01,1.818320896886662e-01
4.983363701909075e-01,5.287889295852930e-01,2.092662814089400e-01,5.060002866460811e-01
9.712651231811165e-01,5.791175899272701e-01,3.887573799399457e-02,4.281983661912162e-01
1.252613854693374e-02,4.295047427709048e-01,7.813652714654911e-01,8.226756769004725e-01
4.328246076604527e-01,5.484088656352031e-01,7.382204577239482e-01,2.937015558092713e-01
1.119783100440233e-01,3.784525790291999e-01,6.345050431782830e-01,7.010829701406294e-01
9.079673466626931e-01,5.309955800555044e-01,4.061206609716673e-01,3.092115057618992e-01
2.665756861640749e-01,7.065879444261558e-01,5.720693113194520e-01,2.657314861235145e-01
1.975824970969905e-01,6.642148496467850e-01,7.942186497459324e-01,5.208479714993348e-01
2.986146079331301e-01,2.643514153710851e-01,6.383231997075879e-01,9.478317071742606e-01
8.701102288033751e-01,1.939973055945481e-01,1.512270880193350e-02,8.950046628133763e-01
4.555605738432432e-01,4.757546277718963e-01,6.570597083208767e-01,5.784402972486556e-01
9.723429695423420e-01,3.477005547405423e-01,4.000227625238072e-01,5.521284240072771e-02
5.663822502371255e-01,9.614490944033903e-01,4.445749999874030e-01,1.846026289387451e-01
3.569917192334976e-02,4.492631215237159e-01,7.833638508448002e-01,6.114268036010129e-01
9.960879713744042e-02,5.266955626744584e-01,6.689662058764674e-01,3.961369756795144e-01
6.365501410354019e-02,2.448549027212439e-01,7.159129238453464e-01,9.659544228794499e-01
6.150156521082073e-01,5.868759545888655e-01,3.120134285974224e-02,4.986631599073643e-01
7.110935264448494e-01,7.348972033048218e-01,4.052907067063244e-01,3.011859634505894e-01
8.904841645591187e-01,6.014022839861287e-01,9.674957138848816e-02,2.853976105604172e-02
3.376882502798843e-01,7.652861323102974e-01,3.557029904389354e-01,6.621425474682795e-01
9.322578009092308e-03,8.120243539500738e-01,3.193129887261134e-01,8.133110142561404e-01
6.061830453052172e-01,5.650029717913104e-01,3.784975415073349e-01,4.271620167266891e-01
3.660191476827078e-01,6.202898681378886e-01,3.173191327697892e-01,4.567473588620041e-01
2.248843304080119e-01,4.902654641014175e-01,7.373004987675379e-01,5.084414486536449e-01
8.527127545176763e-01,4.832625418485342e-01,4.682339994709337e-01,5.037765063369393e-03
5.917775416095812e-01,5.107134302206577e-01,5.693628171635418e-01,2.658113627110073e-02
4.104057432286247e-01,3.818026388060615e-01,8.841166087473488e-01,3.572956039238642e-01
4.006734192479159e-01,7.275311996177244e-01,5.978406003753256e-02,7.603371478592227e-01
1.557211846760962e-01,6.242932847213890e-01,5.439916115422646e-01,9.324773884933162e-01
1.629107769598602e-01,7.887921951154104e-01,5.799006000351392e-01,4.633121863796478e-01
8.782935865865045e-01,4.787714645697699e-01,3.027480970454191e-01,4.495076747971822e-01
7.608515599997354e-01,6.643764940591712e-03,6.062221920693082e-01,5.483587507652378e-01
3.599600596816982e-01,8.079747188456196e-01,6.388520463319364e-01,4.085922659879045e-01
2.351995249175832e-01,6.782502667981152e-01,8.457301031501679e-01,3.237763653981887e-01
6.813865379664765e-01,5.928645211263106e-01,3.655633713629892e-01,7.843017992254564e-02
7.926480621296090e-01,6.290215032592568e-01,2.092871452466920e-01,2.777837589645507e-01
3.459468499430168e-01,6.287705255694322e-01,3.784758883073467e-01,4.565134803638539e-01
8.331177539298195e-01,8.583522096493865e-01,2.573151228142346e-01,4.097377599817745e-01
5.094104347838040e-01,7.679895532100278e-01,9.277232782054023e-02,2.475694036720101e-01
3.342132638097114e-01,4.762905060743458e-01,4.787377530277308e-01,6.020177700318909e-01
1.454933110041067e-01,2.818925919431944e-01,9.815868652359747e-01,4.801390875308924e-01
7.959079090645147e-01,3.496473749273102e-01,1.072800939191818e-01,8.229677295511041e-01
2.224645258733605e-01,8.922600971134246e-01,7.071836972236956e-04,5.848667350228068e-01
9.147348188593653e-01,2.425983878570094e-01,2.089845991722034e-01,4.729170627219644e-01
7.783967707567889e-01,8.969201811213755e-01,1.566017154004129e-01,1.958452491467194e-01
6.713448546456073e-01,7.652211921686318e-01,5.615456398985881e-01,9.236702819524784e-02
7.043667567386294e-01,8.061146833044808e-01,3.860925797352367e-01,3.548654810940590e-01
5.143092953859921e-01,2.515332935270354e-02,5.495743645161211e-01,9.141012955664662e-01
9.408260716064366e-01,1.677513610650420e-01,8.898593405813318e-01,1.458426036508687e-01
7.746078560417233e-01,9.652202386705075e-01,1.309795949507749e-01,2.146886470641626e-01
4.266268941121817e-01,2.887322483481716e-01,7.085007711163201e-01,8.206435498451989e-01
6.851048547730860e-01,3.058338613876077e-01,6.815732300154747e-01,1.447319115912229e-01
5.370279674274539e-02,9.130848480857757e-01,5.810409532219740e-01,2.319077711519169e-01
4.423842529183741e-01,6.075319611487981e-01,3.947400609646877e-01,5.990014705335789e-01
5.755254678215538e-01,2.154867680360184e-01,3.519192701590175e-01,9.370856567404127e-01
6.402402890076195e-01,7.974521331136644e-01,7.799105045739992e-01,1.185354494960396e-01
3.653951448462426e-01,2.941981928770919e-01,6.168303286650503e-01,5.439816000085054e-01
2.060727724755683e-01,1.702486501552449e-01,7.249807362840055e-01,8.143987438978457e-01
8.512190817258974e-02,7.426387543431793e-01,3.866355940910213e-01,7.931463727349022e-01
7.039168179874344e-01,1.760276112302779e-01,7.321608210555610e-01,2.702193187544383e-01
3.762702365130476e-01,1.624231313382161e-01,3.944124104436635e-01,9.858775510652834e-01
5.882718639958422e-01,4.906758950428988e-01,9.071509353293481e-01,1.364900978063084e-01
5.658990798679990e-01,6.022007795109419e-02,5.256643825261123e-01,7.565646937496360e-01
2.912771606764756e-01,3.869795408764051e-01,4.970668408117944e-01,4.386535697196310e-01
7.170772174303929e-01,6.373625255239346e-01,5.380823245060993e-01,3.915116092812342e-01
1.256760482919823e-01,3.338856261926624e-01,9.233523475721662e-01,3.982718696309903e-01
4.257640155636412e-01,2.783809111426970e-01,7.534504423246061e-01,3.481313565643107e-01
3.212211187413594e-01,6.158364692623498e-01,3.698411915626043e-01,5.031527933200060e-01
2.813846957177898e-01,5.089892370877551e-01,5.380629023831106e-01,7.835909092380597e-01
2.424359630695073e-01,9.133298707154555e-01,6.368105174090061e-01,2.918906417110873e-02
7.215783840310271e-01,2.205695333398282e-01,8.546877670353329e-01,1.329065192760425e-01
3.936143976848728e-01,2.127955446055493e-01,4.316781656389658e-01,7.537376557772697e-01
2.769303096006162e-01,8.068542812940411e-01,4.821150393680687e-01,5.456011470933686e-01
6.827803936035699e-01,1.939352021933947e-01,7.091639332299495e-01,2.603737054841347e-01
7.662032044165695e-01,4.468912366930344e-01,5.340158181459831e-01,3.141032390871396e-01
6.800766081481687e-01,4.194418846743467e-01,5.636228757435409e-01,3.006837197218766e-01
1.336273839074368e-01,7.199010554170787e-02,4.208377429412112e-01,8.231655551061461e-01
4.247086759477277e-01,6.720076164522875e-01,1.826897423117413e-01,6.062878772413094e-01
5.678451912782995e-02,9.124875320762952e-01,1.330636463470480e-01,8.140396735717342e-01
7.132395369773836e-01,7.314641132197668e-01,5.814965191021941e-01,7.982298202231330e-02
2.515687659489574e-01,7.995369124696288e-01,3.533633229793882e-01,5.539337024868918e-01
4.577374920438935e-01,5.917700462084849e-01,5.212630016265825e-01,3.880355589287074e-01
6.114914300099189e-01,9.014568337269291e-02,4.873239794222520e-01,7.819701204530934e-01
1.547068815471975e-02,3.590999550867403e-01,7.060279371106002e-01,6.709818099905661e-01
6.756607709783691e-01,5.021635709589508e-01,4.680278197803952e-01,1.754018928267416e-01
2.904670112597028e-01,9.268530270362199e-01,1.725778556064540e-01,7.014030277323789e-01
4.290089666427530e-01,4.930563765969034e-01,4.207385524627849e-01,9.218252548511481e-01
6.799102019974115e-01,8.761013684471145e-01,1.783754414304739e-02,3.680351790719628e-01
3.768385867750462e-01,4.083768646502641e-01,6.803458938679909e-01,5.630345493727442e-01
7.769121503624953e-01,2.899614099234371e-02,2.463253353779483e-01,9.205356529859697e-01
2.863617817920026e-01,3.285741620097729e-01,4.337873065453649e-01,6.070067338138675e-01
1.389441937604700e-01,6.572723711128365e-01,2.904613266310124e-01,7.433789284037180e-01
4.693208398179483e-01,2.268778934617982e-01,9.863725274922570e-01,3.562857475766145e-01
2.449535461740350e-01,8.326815557655807e-01,1.575632801001113e-01,5.860353134827982e-01
2.259873199981488e-01,3.789219417811085e-01,5.252585039535946e-01,6.726756424463896e-01
5.306109753247221e-01,5.229140459175879e-01,3.645947905589074e-01,7.063759286157836e-01
3.407204708685472e-01,5.547077728123899e-01,2.147570572490438e-01,8.520713983096636e-01
9.648206525660800e-01,8.921588778521894e-02,2.070619233500784e-01,8.013206085869058e-01
3.445357735948261e-01,2.350581823348619e-01,4.619221662489262e-01,9.172398757430782e-01
3.996286804526641e-01,3.302632677995987e-01,6.661227812032253e-01,3.692379412516553e-01
4.469591768512446e-01,5.156292719283694e-01,7.831812750977124e-02,7.965722530274775e-01
4.327287958700732e-01,5.482240904473779e-01,1.542386999536079e-01,9.317768897718538e-01
1.387133354425987e-01,5.001397936164037e-01,9.826058860329389e-01,5.727336268788501e-01
3.748563204826435e-01,8.707697755269994e-02,9.430708040268855e-01,4.075353168545507e-01
7.316489433771667e-01,4.321371109887010e-01,1.982449393382708e-01,6.951898312390438e-01
7.296827953343472e-01,7.037587134213908e-01,2.713298010392478e-01,2.644930975224467e-01
3.024830123131554e-01,8.620483929584517e-01,2.298938735412806e-01,6.044116410071279e-01
6.535571201061869e-01,4.264413834395356e-01,5.975609974505111e-01,3.592040903246863e-01
2.508857631297876e-01,8.158149886400493e-01,6.144043202782251e-02,3.793592778189720e-01
4.552429806992785e-01,5.285498841362656e-01,5.133677539740891e-01,4.066538185566818e-01
4.443426368696389e-01,8.401007513313358e-02,9.415462763851103e-01,6.799016751853814e-01
1.765957022995973e-02,5.715824081282820e-01,7.844867172502321e-01,6.297248234332321e-01
1.577797300340510e-01,7.405879237648952e-01,4.028173281486367e-01,6.978254201403202e-01
2.637812596411965e-02,9.206137081093171e-01,3.010699205789500e-01,7.012635673423313e-01
3.976573156149075e-01,8.842287105385993e-01,6.935203585097538e-02,4.142828192045068e-01
4.790300536325951e-01,4.513125327653588e-01,9.020681316438506e-01,5.138035997584622e-01
6.596391551474716e-01,5.646535521159143e-01,4.578862237445520e-01,3.756150466117359e-01
6.899673162076604e-01,4.162674079520108e-01,2.719771969828714e-01,4.011535337879740e-01
8.454137403104223e-01,2.027904690221738e-01,4.410657128046823e-01,2.704698708894205e-01
1.375212617755635e-01,7.233108326283326e-01,4.472226663917911e-01,9.558459142843625e-01
7.398502789773955e-01,4.674799535509129e-01,1.493644938940493e-01,4.485652974428358e-01
1.156556862366627e-01,7.177688358418797e-01,3.203116518310247e-01,8.641098621802562e-01
6.251096324283421e-01,3.194703600588308e-01,6.223008494773306e-01,6.629693817409099e-01
6.365613295527418e-01,5.923563497116988e-02,7.903153952163143e-01,6.220360440087130e-01
3.272298192221271e-01,9.790830644906638e-01,1.861950947965220e-01,6.438522082496160e-01
7.209438056164313e-01,2.184496170167758e-01,3.697002598024171e-01,3.599944079473985e-01
4.595354889700729e-01,8.853285315648324e-01,3.020012325286374e-01,7.214024769863707e-01
8.805772023996067e-01,5.959617823946739e-01,2.542989344497982e-01,1.375743997997647e-01
3.176935300901609e-01,3.901264000199713e-01,7.655079341366358e-01,3.938232713477314e-01
8.458328871903256e-01,6.554780069940351e-01,5.218613890218038e-02,8.169048867501353e-01
5.245143438737072e-01,6.140257979701693e-01,8.337078234941848e-01,5.524604068886019e-02
4.380640028780860e-01,5.674363682694953e-01,7.297159798630514e-01,2.535436653770498e-01
8.897514333925747e-01,4.361221824280985e-01,7.724416711284543e-01,1.940460128495540e-01
5.822123638309460e-01,7.913076012761447e-01,4.855526467977405e-01,3.128559433366112e-01
3.076011075723539e-01,6.441816222900074e-01,1.496333075395415e-01,6.718026536863029e-01
2.492983654973322e-01,6.539339144216461e-02,8.449520068799012e-01,9.254016504208780e-01
1.998650988250085e-01,7.178895524445031e-01,7.487863799295441e-01,3.193949451351413e-01
7.414041950467101e-01,5.718710093095403e-01,9.029354507534790e-01,2.626862076000946e-02
5.441451555642051e-01,6.195035405247046e-01,7.155136940028018e-01,2.773809287066860e-01
5.310134310534261e-01,1.875461453762616e-01,7.501626179818680e-01,2.183042416505204e-01
4.070442799658870e-01,4.051933570571402e-01,5.620516253141323e-01,6.014405983273702e-01
1.952775486068932e-01,8.084481037395165e-01,1.830665541249506e-01,9.360003312203909e-01
2.263478033133623e-01,4.719167900532119e-01,7.039712615638860e-01,4.017094542279290e-01
6.687576717389061e-01,9.937938548147953e-01,2.350043098753460e-01,9.331928453991800e-02
4.989112555912237e-01,6.086445091184481e-01,9.113309805753486e-01,6.121827332143792e-02
4.084693923145364e-01,5.664973406327927e-01,3.189337967137328e-01,9.862891414022015e-01
5.987577904952824e-01,6.336247976610689e-01,4.733574081008000e-01,5.591040499181008e-01
