7.195758675541735e-01,5.659624387667684e-01,8.555442438882315e-01,6.750273509993083e-01
3.054944495707632e-01,6.252901305452342e-01,5.433943111455345e-01,6.203874195384126e-01
4.766911474436110e-01,5.995521220845209e-01,4.481547019773420e-01,5.773582273392850e-01
1.634652289575099e-01,4.005503638234793e-01,4.572053881264413e-01,5.344382566690595e-01
4.122788059609884e-01,4.845027441881142e-01,4.483326754194701e-01,5.185803099363115e-01
5.034701814331135e-01,6.968246119560917e-01,7.194656602962426e-01,5.963062546912141e-01
3.121300559919486e-01,5.609396539184941e-01,2.112611179869502e-01,5.672995316421970e-01
4.938794817596089e-01,3.999783547891151e-01,4.812265166979399e-01,5.632703116724680e-01
2.647846423124894e-01,3.018300483344867e-01,2.492976929342395e-01,4.463925535422473e-01
3.221929340972300e-01,5.110847344198742e-01,6.760071604081572e-01,6.710783973750133e-01
8.272269225317839e-01,6.705250640462539e-01,6.843981530260995e-01,7.307438746244146e-01
6.291019364782446e-01,3.384282618643852e-01,3.837782945753852e-01,3.291278019246995e-01
4.345754846538596e-01,2.443260061465454e-01,1.922468897883110e-01,2.978470306252349e-01
4.355317753582927e-01,5.826381673608967e-01,2.884626876929836e-01,6.067003412917087e-01
5.533507407559246e-01,5.362377906763302e-01,5.219702378541337e-01,2.408312060958085e-01
4.790540019998236e-01,4.496616419567493e-01,4.384924360187626e-01,2.741992913563262e-01
3.884896540544168e-01,7.066919068055543e-01,6.992604321949965e-01,6.583339670126809e-01
5.735091792596938e-01,4.989567498210355e-01,7.356693993251578e-01,4.138751826711268e-01
3.198582114073159e-01,3.942365094730753e-01,3.787474408892424e-01,4.771188852957926e-01
7.113082826061587e-01,6.695842009129948e-01,7.823637796813769e-01,7.353546085031182e-01
4.259679598963798e-01,4.940884947187740e-01,4.672479427276032e-01,3.095990939088346e-01
5.505539910013155e-01,4.953279361788174e-01,5.853451776384909e-01,5.982782176961792e-01
5.520251963257577e-01,2.479775321636903e-01,6.070224392157474e-01,4.717741929494937e-01
6.495498985293084e-01,3.429696275649468e-01,3.541518790869283e-01,4.491366934683331e-01
8.347503439862060e-01,7.666118573850277e-01,8.316493985786511e-01,7.432891223065587e-01
4.266029263915282e-01,4.018910833071276e-01,3.755415723351000e-01,5.302940042254869e-01
2.180931191042497e-01,2.356252701324890e-01,2.222649088015893e-01,1.491419309595159e-01
5.018618613852581e-01,5.074995655018532e-01,4.426744054414419e-01,4.942733183087182e-01
5.198181307371397e-01,6.975842271022576e-01,7.644674038392965e-01,5.135786225203414e-01
6.090810010427041e-01,5.950295170189464e-01,5.786733783552642e-01,6.158498976964428e-01
3.426642655759994e-01,3.144160007280265e-01,4.260480561369624e-01,4.627591694789912e-01
2.652915655920404e-01,6.291349848045727e-01,4.593968970363668e-01,5.132279890709274e-01
3.958566294089207e-01,4.055462594650691e-01,3.364139874995530e-01,3.426046530016701e-01
3.502234652856774e-01,3.301154665414341e-01,7.591426175893383e-01,6.616846561113540e-01
3.948840551622818e-01,6.145243741704702e-01,4.145231063605990e-01,7.029197194398620e-01
4.061325038469871e-01,3.985953675889845e-01,6.342161265838584e-01,4.605835698378264e-01
4.216621982406918e-01,6.456551425178987e-01,2.395107093406078e-01,5.228349931975407e-01
6.190031935895921e-01,7.012990696620895e-01,5.565774267048891e-01,7.418607739609180e-01
7.308422830022179e-01,4.512575801124146e-01,7.846432369767945e-01,5.213348889839423e-01
6.968086019045168e-01,6.588344332404686e-01,5.876968797786616e-01,5.670397834415253e-01
7.661138241105954e-01,6.235207176848195e-01,5.724076498455741e-01,7.442957644682521e-01
5.217091758204759e-01,5.011876470313453e-01,2.755270111003369e-01,5.991650974898888e-01
4.307495737602144e-01,3.265244151784930e-01,3.532482483700980e-01,3.429373964166383e-01
4.452292063565982e-01,5.262211178998786e-01,5.324486351549220e-01,6.687760458292813e-01
5.125878507906853e-01,3.405147470108902e-01,5.772736780804534e-01,4.676911835345784e-01
4.330382907690209e-01,7.250641555827196e-01,2.856388246097094e-01,6.214729290142484e-01
3.835761557245493e-01,4.715871236381216e-01,4.682745394663702e-01,6.649211789053895e-01
6.567165129028970e-01,6.111360201242799e-01,6.255928805521178e-01,4.155448974421517e-01
5.368159794176304e-01,7.486912835465706e-01,4.492313355933420e-01,4.917122681018389e-01
3.837602280268610e-01,6.733780811422453e-01,4.454511638116823e-01,5.838927720688752e-01
5.197563607240659e-01,2.453607393101124e-01,3.714167211122804e-01,2.737339274488814e-01
6.425016739830589e-01,3.419920278009561e-01,5.378043434091566e-01,3.381312319197355e-01
3.330808035140838e-01,2.941739208999061e-01,4.036742721113267e-01,4.231044581005663e-01
4.370519367776578e-01,4.830414781491820e-01,3.691675387081739e-01,6.335035241146973e-01
2.416500573181787e-01,3.486639068170425e-01,3.076876222034018e-01,4.546634027792196e-01
3.702137626852859e-01,4.311783345943971e-01,3.183979418380481e-01,4.298636127966668e-01
5.663850502451639e-01,6.072288212151644e-01,6.711716769802929e-01,5.032003284455464e-01
6.406113718888122e-01,7.399362385698682e-01,5.732223872998570e-01,6.345683957677721e-01
6.456750299488999e-01,6.056610613207722e-01,7.578225522477482e-01,5.746038623118037e-01
4.476221978866828e-01,2.733971441250940e-01,4.094466966935008e-01,3.355180200781045e-01
4.280168798476536e-01,5.492819182046471e-01,5.358654088557840e-01,7.070027804682807e-01
5.810333842315170e-01,5.190106169493673e-01,5.944636104371562e-01,5.828367671538460e-01
6.005584330271984e-01,6.241808899624390e-01,6.750770266802103e-01,6.077451758964515e-01
6.019740666214131e-01,5.267928831439628e-01,4.714094855211562e-01,4.910120565436922e-01
3.288032680634544e-01,2.742165432241997e-01,4.259696842901322e-01,3.408914695739821e-01
4.350325950748109e-01,4.984744100449904e-01,3.428942281448706e-01,5.207951679240352e-01
8.286398835338525e-01,8.807910187072405e-01,8.728698597503521e-01,8.631525099514449e-01
3.451104114469506e-01,5.326076221494129e-01,1.477664315865738e-01,8.242158268537916e-01
2.316537300780159e-01,5.014354759270526e-01,5.115888285244760e-01,5.143585510468391e-01
6.209805402802910e-01,6.104077847708184e-01,8.489698385549136e-01,6.008149969176992e-01
5.374503457113622e-01,4.348717937991849e-01,4.506912593055152e-01,6.048832015066875e-01
3.436192568686763e-01,3.250183265803840e-01,1.643107760291227e-01,2.137773164729130e-01
4.760233971085494e-01,3.310677658427137e-01,1.896378238398758e-01,3.190047148122244e-01
4.340279711287326e-01,3.329171182942951e-01,4.362472077591898e-01,4.431338520012598e-01
6.472364043633591e-01,6.683103231219565e-01,5.840022625175749e-01,5.934325120816283e-01
7.771187106220134e-01,7.204556346140454e-01,8.285752178281099e-01,7.287768738215228e-01
4.762348300787330e-01,4.098513411401707e-01,7.090860007831540e-01,5.192890223094255e-01
2.564118638519287e-01,2.931564630221255e-01,1.814611593500684e-01,2.404419137627476e-01
4.439115121465330e-01,4.701102318106373e-01,3.081812639200326e-01,4.148163593766795e-01
2.871260718452225e-01,4.898952244363088e-01,3.107297707345425e-01,4.318063152059851e-01
8.443644771690455e-01,5.241048645474231e-01,5.827870341254071e-01,4.079147689896638e-01
7.437577688654656e-01,5.753811545539573e-01,7.524986171723591e-01,7.947235083498864e-01
4.096821253747681e-01,1.937157567832239e-01,3.956530228312633e-01,4.122312331699092e-01
4.957959783942793e-01,4.083118845857556e-01,3.941983996553501e-01,5.001605691821243e-01
4.294719091049524e-01,3.823753192736018e-01,3.238211797015257e-01,4.016245140857670e-01
8.148350640979372e-01,7.675520039799109e-01,7.535210887645551e-01,7.818072811089622e-01
4.733194124074856e-01,5.515341640656042e-01,4.736566931154522e-01,4.492730217270169e-01
7.133290414089930e-01,6.766984393340940e-01,7.888455384709656e-01,7.756879143994271e-01
5.972802103344862e-01,3.725438363328839e-01,6.272210571827574e-01,4.739262095812525e-01
3.325956532540543e-01,3.829062265878582e-01,3.047516885123642e-01,3.497702425883916e-01
4.297646740805695e-01,5.462534833019910e-01,3.719092053961924e-01,5.844552641144241e-01
6.441714563446373e-01,6.486147657574508e-01,3.997330797439938e-01,4.476308354648356e-01
5.711862432650414e-01,5.929204378746901e-01,6.530183758522079e-01,6.186566102199833e-01
6.470907957174528e-01,5.185346116264873e-01,3.580077271608103e-01,5.493442137600115e-01
5.820569367908364e-01,3.289761869807517e-01,7.363667144779305e-01,4.287925449747155e-01
6.795022620461120e-01,6.271305374508691e-01,7.501578540245559e-01,5.417713521988261e-01
2.026734762552001e-01,6.262634437948837e-01,3.845665063991142e-01,4.506777560210592e-01
2.957836694759221e-01,2.969863323277043e-01,3.340064635548877e-01,1.775888639482288e-01
7.810223273940244e-01,8.330259276031011e-01,8.024038802807227e-01,7.800292468222876e-01
4.773744396303711e-01,6.253904520412754e-01,4.019028706714063e-01,5.551505218052130e-01
2.382748216294842e-01,2.066337543442180e-01,2.551868188116120e-01,1.497863803563245e-01
4.500668070675050e-01,6.386501697590969e-01,4.143687108395663e-01,3.568267021579578e-01
5.888487153818773e-01,7.934495877294709e-01,6.763111013551435e-01,7.246766956860556e-01
5.605540611233644e-01,2.916765302665309e-01,6.260801178391817e-01,4.419970829913309e-01
2.762218489478875e-01,1.714421827074033e-01,2.252232458574620e-01,2.457314541157075e-01
6.743591798475407e-02,1.740525114255966e-01,2.682614090971991e-01,1.826498615214582e-01
3.956652240579197e-01,3.712439365035762e-01,5.410531491463364e-01,2.822028288116137e-01
4.191876984302205e-01,5.079983481375783e-01,5.434883644023625e-01,5.689756697738529e-01
3.028076746710511e-01,2.704633978622419e-01,2.731778818756823e-01,4.134044911711855e-01
7.317120440284774e-01,7.294391335095934e-01,8.111492673916714e-01,6.644978225729670e-01
6.773319213035880e-01,7.261649553013036e-01,5.276723017799865e-01,7.039853569735000e-01
7.316114539917271e-01,5.640057542461385e-01,7.869324421036036e-01,5.082506268910960e-01
4.975062129017080e-01,6.857819915003844e-01,7.154824949726311e-01,5.592135951152264e-01
4.729625251195729e-01,4.226438696793405e-01,5.103855942012392e-01,3.969632905005159e-01
6.335223087039130e-01,8.328204687396308e-01,4.096033782035196e-01,2.926294698324260e-01
5.497676511842211e-01,6.429414815457526e-01,5.480896119071762e-01,6.868271030766975e-01
5.842651420391416e-01,4.879120229615181e-01,6.908773405906945e-01,5.904733063948202e-01
6.682934245093783e-01,6.340493200652151e-01,7.145935965971497e-01,5.400434517458601e-01
3.997026631996883e-01,2.983317785259590e-01,2.738697145048800e-01,2.611453087556896e-01
2.361100806492234e-01,2.549810490552443e-01,2.961453933432212e-01,3.006995267861752e-01
5.775177333546800e-01,5.016554793401931e-01,6.748085535474631e-01,5.964952043513311e-01
6.293088292588094e-01,4.571688262811264e-01,5.566034848538847e-01,3.773570687917603e-01
3.140254376063799e-01,4.316818021787958e-01,4.810620917907116e-01,4.343743218267501e-01
2.773714606869972e-01,5.096794488946615e-01,3.606348295791496e-01,5.223723364898138e-01
2.878790618425068e-01,3.464026887034095e-01,4.299930340945436e-01,3.342274699380590e-01
3.761647087487472e-01,7.236993494859012e-01,5.280162315323713e-01,5.390536650040918e-01
4.542440283012376e-01,3.983234811819952e-01,4.234876573617050e-01,6.419969499915077e-01
5.893135326454815e-01,7.387825725876556e-01,5.027693140867453e-01,7.034113206230879e-01
6.252361726001878e-01,6.260168133042845e-01,6.053628246272067e-01,6.652869767448191e-01
6.464335330224722e-01,7.711229093278272e-01,7.594957077820930e-01,7.563441352363873e-01
5.647201536894229e-01,4.186428432698137e-01,7.760453283202160e-01,7.448534950667864e-01
3.582895031148357e-01,4.299876368172421e-01,4.038486188399885e-01,5.831753338932508e-01
4.016835757453963e-01,3.331571276785185e-01,4.197862916425044e-01,2.918849089192227e-01
6.848218669061047e-01,2.480791833158719e-01,4.506535625260887e-01,4.709704228970607e-01
6.392221412168453e-01,5.062665208746877e-01,6.598266472515700e-01,6.032528970903686e-01
7.093682408067417e-01,6.417527595730794e-01,6.168244130097864e-01,7.505669609213855e-01
4.976387663078063e-01,4.404761630015669e-01,4.891375285520111e-01,4.744047969936045e-01
5.640243738823568e-01,7.680450941913091e-01,1.440051073525657e-01,4.584080409156661e-01
6.934753197010750e-01,6.751084343172506e-01,6.601203829173760e-01,5.787715888154242e-01
7.575267798269196e-01,6.413652356750025e-01,8.174607506571183e-01,6.783286572287668e-01
6.747091161780027e-01,4.567998423162553e-01,6.224036042486079e-01,7.521352004231745e-01
6.337682168473898e-01,6.899616173617960e-01,6.103005951273712e-01,4.215668670930530e-01
2.262090998951111e-01,3.025731990220809e-01,2.551543791145687e-01,5.105913021386979e-01
2.770987214392893e-01,1.848713782418574e-01,2.740985722942325e-01,3.558978257792835e-01
2.770442190389357e-01,3.572050256819815e-01,2.623907563581712e-01,4.091264525641320e-01
3.166765572636367e-01,2.953582592658434e-01,3.380561712759645e-01,3.891938649653109e-01
4.263219904887579e-01,3.897287849924477e-01,3.399049850858301e-01,4.555683345452007e-01
3.827187607748018e-01,4.842658408435313e-01,5.080258163995710e-01,6.832973642904376e-01
8.809477961634596e-01,8.500448282937895e-01,9.004213658221538e-01,9.083684870490496e-01
5.874905255329552e-01,5.933902350662658e-01,4.596829866119784e-01,6.613961391450387e-01
4.710026470965307e-01,5.695357491567538e-01,4.193288391562476e-01,8.203525869116575e-01
5.030666705107092e-01,6.820617446310568e-01,6.447492980811483e-01,6.340590652442046e-01
8.428329377028276e-01,5.063910188336297e-01,7.238467513381022e-01,4.618052790064712e-01
6.619709288121118e-01,3.571377992522012e-01,4.223942206090132e-01,2.311078276731352e-01
6.752236224959186e-01,5.601216149805770e-01,8.008240061376685e-01,4.934823137278230e-01
6.844579551389320e-01,6.184600061474175e-01,6.011640869985029e-01,7.419614039845658e-01
6.041910795258452e-01,6.668817765205732e-01,6.829295977462342e-01,5.617289835792663e-01
6.356525350283646e-01,5.184534516146225e-01,4.523755594376276e-01,4.431815273257834e-01
5.475498571335092e-01,5.826568477495719e-01,5.858232377745674e-01,6.180198397479818e-01
6.202884714464553e-01,5.534796898973968e-01,5.917270361284194e-01,4.900528295251140e-01
7.402619948127388e-01,5.835094293023348e-01,6.766225163232809e-01,4.791320570883687e-01
4.762794039726895e-01,6.157245766434332e-01,5.581420202384598e-01,5.085851789968650e-01
3.693631569444608e-01,3.818322426530216e-01,4.995937846511125e-01,2.463185117710339e-01
2.182992396080725e-01,2.064560159475884e-01,1.496157172072385e-01,1.251005305933262e-01
3.552599538537233e-01,3.169358543651515e-01,4.216858993422505e-01,1.985033203189031e-01
2.261661936097999e-01,2.808342831525675e-01,2.704140068246959e-01,2.605774611311077e-01
4.185262363234981e-01,4.014520279950466e-01,3.092534570659173e-01,4.935958600355328e-01
3.655184000862560e-01,5.053665439759023e-01,4.639171794270546e-01,4.611125920373728e-01
3.773479789062171e-01,5.271018389489626e-01,4.460800491407803e-01,4.796533842202017e-01
3.932708828564203e-01,5.072267866104994e-01,1.851934526711177e-01,6.967577069123476e-01
3.245012856542153e-01,3.826459939856783e-01,4.276745553567780e-01,3.809339192076815e-01
4.792650408791121e-01,4.699797222481756e-01,6.627357950730992e-01,6.189183330171071e-01
3.084265573995414e-01,4.726343446020439e-01,3.079463098062085e-01,3.567155383221866e-01
5.434183845133262e-01,7.732863016616460e-01,6.492163930515216e-01,7.433279123212402e-01
2.410662968005799e-01,8.923204928931569e-02,1.626372723572549e-01,1.641373278224142e-01
3.050635302412177e-01,3.745708992183313e-01,3.047004570739975e-01,4.237567956658849e-01
4.918405853701355e-01,3.701494349848499e-01,7.888333379214374e-01,4.549396911033895e-01
1.764076708038489e-01,1.869445823841488e-01,1.633836785425543e-01,2.922065349358776e-01
6.496082139276897e-01,8.092108313691855e-01,6.867418285912186e-01,6.224275316599368e-01
6.601485520321014e-01,4.255296308164442e-01,5.295096900739904e-01,2.653531876073650e-01
4.680012441250119e-01,7.975970296668419e-01,3.972364788872323e-01,6.364355606934098e-01
3.553723065206795e-01,2.580444355172657e-01,4.894026954080185e-01,5.122691574521933e-01
1.792240240722626e-01,2.060459793034839e-01,2.466466274031261e-01,1.342559052953915e-01
4.428246736820028e-01,2.448041431021301e-01,3.984024581836957e-01,3.928075103409752e-01
3.810056945064529e-01,3.172896499235646e-01,4.295472725072854e-01,3.666417156830889e-01
7.381713131949488e-01,6.506314420353989e-01,7.453962315248687e-01,7.087474061213203e-01
3.453484489007618e-01,4.158756734168364e-01,4.513742470098402e-01,5.750095965645601e-01
2.873625059616649e-01,2.174264735259618e-01,2.476733204835074e-01,1.641986421272994e-01
6.482020191002491e-01,8.002678811993095e-01,6.666209232551694e-01,7.037569755689316e-01
3.576221596062274e-01,3.811204286562397e-01,3.105922833782193e-01,4.208194410175091e-01
3.511672000304418e-01,3.696010522784887e-01,6.272046719344968e-01,3.621458145559840e-01
3.718250441737534e-01,4.855741018971967e-01,4.477220751250875e-01,5.016304094486265e-01
5.313050511162918e-01,4.532165960655153e-01,4.795232548862992e-01,5.852713798732947e-01
5.058266976707808e-01,6.838998278213509e-01,5.534498135608007e-01,3.191769455399722e-01
5.011742690910470e-01,5.332919432742487e-01,3.431082959291604e-01,5.704129498843116e-01
5.273579585902306e-01,3.024382760363779e-01,5.745068343929709e-01,4.773664718148798e-01
2.561346419456235e-01,1.172696890747588e-01,2.771892552761991e-01,2.170193986045325e-01
2.322312828716506e-01,3.328590792997710e-01,2.343705069264883e-01,3.076892581319063e-01
8.216931986844560e-01,7.592080108204815e-01,7.774022309812308e-01,8.061584381844262e-01
6.149666278642272e-01,4.612853534771312e-01,6.531823517646278e-01,3.368045289215394e-01
5.859389870000704e-01,7.312302003232756e-01,6.487991943887480e-01,7.116764916413932e-01
4.266156948005598e-01,5.980898760175724e-01,3.979067023697805e-01,6.855425098878350e-01
3.730797962521706e-01,1.834956361234260e-01,5.000122607312019e-01,3.412286419295353e-01
4.260337519644241e-01,1.637665637906918e-01,3.097959778976444e-01,3.620666693155440e-01
4.869660763429586e-01,5.351449997387898e-01,2.680522470223911e-01,6.971946057732580e-01
2.657579134810935e-01,3.136269695351132e-01,3.410773012019760e-01,2.961375517797138e-01
3.335894003645016e-01,5.547082571404358e-01,3.791731814213772e-01,3.666251165433757e-01
4.916697423590461e-01,5.805144456909025e-01,6.216061216714556e-01,5.333621878920034e-01
6.818027950212988e-01,7.234243488859129e-01,8.394055066506505e-01,6.104663377698472e-01
2.728977919942779e-01,1.595428159412791e-01,3.598079416779125e-01,2.365803665398558e-01
3.361577344678340e-01,3.942237832825282e-01,4.510530156082548e-01,3.650223920011505e-01
3.757670258814629e-01,5.803185729226179e-01,2.440390319771877e-01,4.582701430160475e-01
3.110056933653330e-01,2.044513963687784e-01,3.930579872947012e-01,4.494271448241112e-01
5.199349507069324e-01,2.291295921654497e-01,6.298802717255164e-01,3.871524715436242e-01
4.050489175673300e-01,4.694399747434533e-01,3.699147248084979e-01,6.055332578598653e-01
3.553729128131937e-01,5.158701980068390e-01,2.830262094330530e-01,5.724317469145752e-01
5.192131570890637e-01,3.130135299305407e-01,5.885999668131010e-01,4.392360481954046e-01
6.211302566924266e-01,6.330785237159622e-01,7.053322425883003e-01,6.846218896906736e-01
4.440008011188963e-01,6.272929573291757e-01,5.426152032642828e-01,7.748572299027934e-01
7.094595556113195e-01,6.566229164870934e-01,5.908632751718631e-01,7.279018430964974e-01
5.036640486326567e-01,4.295541805274833e-01,4.604129045785940e-01,5.711438245685504e-01
6.292750431129610e-01,7.226235332262204e-01,3.471598429270736e-01,2.635149981787253e-01
3.195729405263656e-01,1.213942310790911e-01,2.128629633798821e-01,2.642829639219982e-01
7.143802677823653e-01,7.381727097128553e-01,6.543427863560772e-01,7.960449666678017e-01
6.736386653080195e-01,4.779021073364640e-01,4.024583237805693e-01,2.815218671485525e-01
2.997219859618621e-01,1.406154480425980e-01,2.796708860628933e-01,2.739111474833116e-01
4.658110244570762e-01,4.129452821007664e-01,2.815131404335234e-01,3.441335911939116e-01
2.759903172241487e-01,2.053415000842281e-01,3.328239201541487e-01,1.339538701912179e-01
4.152501688306652e-01,2.478640356680736e-01,4.208925979744692e-01,3.001373874732127e-01
4.835904372219418e-01,3.922941301493268e-01,4.659157467986542e-01,5.742719533643221e-01
4.782109959798564e-01,6.350855970034459e-01,4.938230911160808e-01,5.269924221335731e-01
3.545454164496218e-01,6.741467834224991e-01,3.924998256282945e-01,7.168473972510069e-01
3.820498376815517e-01,5.021195000325727e-01,6.205307776654639e-01,4.664076492421928e-01
7.726263873700542e-01,7.776794258238932e-01,7.922206186948821e-01,7.272277817040246e-01
5.581383271687795e-01,5.337179072976505e-01,6.961247493812004e-01,6.031523503565207e-01
3.001772562024141e-01,2.518944341389782e-01,3.499732636845430e-01,3.115209288345455e-01
5.845739991356217e-01,6.671219735319081e-01,5.871248576973646e-01,7.006374060777323e-01
7.078554472448455e-01,5.615630012737494e-01,6.976425644648652e-01,6.981760462117108e-01
3.551021251599958e-01,4.379363729384121e-01,4.444989042700877e-01,4.439382778046350e-01
1.390851963243781e-01,2.511871796247990e-01,1.073701405450327e-01,3.953696112949989e-01
5.281245303590487e-01,6.152852531180180e-01,4.655625398082097e-01,5.856433761561826e-01
6.419363788424972e-01,9.116618113794346e-01,6.918799904864867e-01,7.074305652365052e-01
2.792583546133546e-01,6.063669096679939e-01,4.199225941647975e-01,5.912999744537895e-01
4.345155670922077e-01,7.555683802038062e-01,5.500155610079884e-01,6.440458751322978e-01
1.304177488721575e-01,1.742402244982716e-01,1.728239638757884e-01,1.509412048276556e-01
5.405596893257729e-01,7.460388800917856e-01,4.823533532617544e-01,3.551241672002202e-01
3.610027509495732e-01,6.355108260045323e-01,1.897049979824059e-01,6.182259531572569e-01
3.606172357241369e-01,4.211234904390359e-01,4.410215130455850e-01,2.328617974943257e-01
8.563253668500008e-01,8.684966395907636e-01,8.155850382403611e-01,8.907490077961394e-01
8.066378450116325e-01,6.294055364120471e-01,6.459998599067055e-01,7.673510860947306e-01
4.998764295661972e-01,4.952340206478029e-01,5.120590314943227e-01,5.088812053589113e-01
1.924484354150774e-01,4.026187494639548e-01,1.932144211778566e-01,3.269202933129180e-01
3.650681543235378e-01,4.410468013886751e-01,4.439705742872721e-01,2.817820628437027e-01
3.316792727363206e-01,3.987105902020479e-01,4.614299040584782e-01,3.522223599977530e-01
4.600299190185994e-01,3.681207995135268e-01,4.902275025501222e-01,3.733127718038085e-01
7.483219241218244e-01,5.940807988724297e-01,6.894279476159484e-01,2.239018336941719e-01
6.662017144025794e-01,7.420913757348826e-01,4.025176555315304e-01,5.092965547802200e-01
5.461980913344251e-01,5.934708869888146e-01,4.371522426539347e-01,5.761871888698693e-01
5.289589742238263e-01,8.582956993971751e-01,4.608615583747918e-01,6.349177386931577e-01
5.351885964646104e-01,7.429256123457921e-01,6.090955779291283e-01,6.184427380268196e-01
3.334802872138567e-01,5.904280327435453e-01,3.647169261346050e-01,3.586763079579643e-01
6.420958835735147e-01,6.926787244098661e-01,3.792253383212343e-01,7.280189060047173e-01
2.181276632122205e-01,2.773383802021889e-01,2.278476917110335e-01,3.702101649427004e-01
5.665335720975725e-01,4.185361583859201e-01,6.533046044228252e-01,5.879347309060933e-01
3.678379797001877e-01,6.118466123385011e-01,4.816402842769076e-01,4.157797091518245e-01
7.875761899797039e-01,7.088061693172230e-01,7.344172156448514e-01,4.643009968764528e-01
2.996781967511135e-01,3.230678432244152e-01,4.064060331458891e-01,3.520313622651801e-01
4.870580896153744e-01,6.622286688215575e-01,5.802449521177244e-01,6.953825872909836e-01
2.777197221810662e-01,2.970094859329846e-01,4.567192957057054e-01,3.191039476746508e-01
6.880316051003383e-01,5.649770918889629e-01,5.768403405894827e-01,5.034850625434694e-01
7.959772368845409e-01,7.257175230669937e-01,6.312344783569505e-01,6.781487414904456e-01
3.970992183425714e-01,6.539342375998202e-01,5.333671843476556e-01,5.023372644480003e-01
4.279849298317605e-01,5.423734548948351e-01,5.835012397765926e-01,4.690193143276786e-01
3.720559365504894e-01,4.395654579448894e-01,4.228736956818870e-01,4.915761295864860e-01
3.802689915310101e-01,4.976729056609681e-01,5.670858608343821e-01,2.706926481090537e-01
3.632574999651160e-01,6.001120311406972e-01,2.845128762059955e-01,4.367003666030232e-01
6.793609361576878e-01,4.293404676556097e-01,7.576955909555578e-01,5.992487596921563e-01
5.501376352062974e-01,7.609524512491663e-01,5.950973130040371e-01,6.066659829346144e-01
6.632876628224400e-01,7.205810771661001e-01,5.422906510201287e-01,5.935132684590845e-01
6.941848545809686e-01,3.467857510835696e-01,5.961037129093778e-01,7.019090161848605e-01
5.766800027374265e-01,8.545045456885472e-01,5.481442554743778e-01,7.949286444964141e-01
6.563927481740373e-01,5.240999682813035e-01,4.855756860057655e-01,6.022666192304464e-01
4.732954455829525e-01,6.607173347673417e-01,4.935475635885042e-01,2.489761375518101e-01
1.797283437055806e-01,3.070812705027013e-01,1.322879434798298e-01,2.526445967237398e-01
3.488487372077964e-01,4.615781394912691e-01,3.044456203144708e-01,5.944610199741254e-01
3.115082293280427e-01,2.726342332875994e-01,2.732746010972366e-01,2.839894817684895e-01
5.200680381113126e-01,6.264752433885868e-01,5.241874193004754e-01,4.432873106252550e-01
7.794284225388166e-01,6.011284426598036e-01,6.351942804446238e-01,5.306648909301885e-01
5.078462754574891e-01,4.806258882398194e-01,5.215562941110138e-01,4.036805907989288e-01
3.660635834396741e-01,3.400072781972610e-01,3.996787186424757e-01,3.645420316780890e-01
7.884454372176535e-01,7.716542365716835e-01,8.863454455992326e-01,6.928810735805729e-01
4.432049203474718e-01,6.312666795407599e-01,4.763564371536360e-01,5.338276571954166e-01
5.575437330467465e-01,6.740293937187738e-01,5.758496328498640e-01,3.902975366919526e-01
4.457554107547926e-01,5.649384169219782e-01,6.003553743795580e-01,6.612754840091390e-01
2.152295176341916e-01,2.388141670545708e-01,2.638857499183230e-01,3.657105857725436e-01
4.563415163566981e-01,3.934247579080805e-01,4.985583040648108e-01,3.667449692989611e-01
2.605522610695933e-01,2.198991867028170e-01,4.172017634248386e-01,4.829468437283381e-01
3.456540977501793e-01,2.035829093491155e-01,3.762162990507611e-01,4.954215192590335e-01
2.569961060948043e-01,3.957007632275881e-01,2.595792727373165e-01,4.735049269404408e-01
3.546062402613965e-01,3.834606498885290e-01,3.406027774599139e-01,2.155332539735724e-01
5.907822408595165e-01,4.140889374454483e-01,5.106066750677885e-01,5.799602195952600e-01
4.593837235510065e-01,5.501862265171944e-01,7.304434068456449e-01,6.535525206101567e-01
4.885382671940333e-01,6.848706849945898e-01,5.070953274310205e-01,4.355279720569162e-01
1.071726048177578e-01,1.217584550265317e-01,1.868298541022230e-01,1.579655382763854e-01
2.629635524391773e-01,1.877760765704860e-01,3.621338352158439e-01,2.848885044364131e-01
1.152866981888185e-01,2.690178257010002e-01,1.439309718107055e-01,1.964123055406834e-01
3.421284518494050e-01,4.614945672458058e-01,3.001659534709120e-01,5.223310949269918e-01
5.518747986650697e-01,5.126502862600220e-01,5.274949345567963e-01,5.260996655524351e-01
2.967388545811930e-01,3.722839522193837e-01,3.701820001298290e-01,3.015335842662932e-01
6.911817353107289e-01,7.778614397642745e-01,5.818316765380149e-01,7.863700063451480e-01
3.633758081937523e-01,2.281640957869369e-01,2.034942300847490e-01,2.430266884764157e-01
5.204966098688824e-01,7.228883618861800e-01,5.285399236671869e-01,4.866144605237752e-01
4.305957187812299e-01,6.905998260992461e-01,5.892513934350520e-01,4.683977688544352e-01
4.015176016652089e-01,3.381485224266259e-01,3.309305352563573e-01,3.270401688497364e-01
4.097230104527885e-01,1.908867855328263e-01,5.187005053708044e-01,3.970356179939041e-01
6.158457827842786e-01,6.219712756350786e-01,6.186881518115535e-01,6.390895732203090e-01
3.609149383942209e-01,3.755858964659362e-01,3.639851535387660e-01,5.442338030342548e-01
4.256265663374117e-01,4.190936785750076e-01,4.712479924763723e-01,4.331159562195056e-01
5.579669638161713e-01,4.878293537820350e-01,3.637983310323108e-01,6.268732286031016e-01
7.682087615971062e-01,5.012295353112051e-01,7.322174390575246e-01,4.740910807455463e-01
2.727473019994228e-01,4.951694991794936e-01,4.251582925791031e-01,3.667737999364897e-01
6.185823294693427e-01,6.063004597150972e-01,4.010970804177119e-01,5.783847376036324e-01
7.416047391522186e-01,7.567509935400022e-01,8.470428035150255e-01,8.088679502746413e-01
2.382672655378051e-01,2.425660839105854e-01,3.837779642093739e-01,4.140608209757247e-01
6.331515969245292e-01,7.477884636974113e-01,5.048171849253860e-01,7.696533858520009e-01
6.072430836513852e-01,5.033137846974431e-01,6.167853788099846e-01,5.949763171603873e-01
2.914348338280814e-01,4.352348746415529e-01,4.113647715801402e-01,3.104340190446916e-01
4.855667763803251e-01,7.395459801390066e-01,6.549135859633021e-01,6.194411894347351e-01
4.244352440699342e-01,5.244063676538626e-01,5.239491837801945e-01,5.076996696697349e-01
3.077560490242573e-01,3.775480534635339e-01,5.686132654869303e-01,3.425233512779359e-01
6.113219086348846e-01,6.212046494428030e-01,5.394819502956201e-01,6.940959415480286e-01
7.602755337946321e-01,6.973711437286778e-01,7.754778062617647e-01,5.531443119558410e-01
3.045810323339976e-01,1.777021219126989e-01,3.613962472083885e-01,3.424631084347703e-01
2.637327424006615e-01,6.409461202206670e-01,2.911885519063288e-01,4.491638670539715e-01
6.141840024027556e-01,4.527370754866886e-01,5.308101607891598e-01,5.605562819154932e-01
3.658052337889636e-01,3.658542244486495e-01,6.447712614549194e-01,3.713282177239536e-01
6.467817806091112e-01,6.314622578417948e-01,7.180810232446906e-01,6.674402726720461e-01
8.552370434828979e-01,8.185588198523301e-01,8.219849352564617e-01,7.315922157183933e-01
6.280226117536823e-01,2.309524157184983e-01,6.772618552955880e-01,3.493181125667312e-01
5.613044572631316e-01,7.031527975784836e-01,6.243725333668599e-01,5.324409843367841e-01
7.948093470757538e-01,6.355698842845030e-01,7.014265070711458e-01,8.078881157309241e-01
2.948077985529256e-01,6.872122404009993e-01,4.983084319112340e-01,5.887540281830864e-01
6.904611823232674e-01,7.111090004344796e-01,5.865531674384123e-01,7.598135853161601e-01
5.975368179848173e-01,7.313310357264042e-01,5.675021416007850e-01,6.986871823224643e-01
3.523836491893735e-01,3.476086176519843e-01,4.110543652117459e-01,4.228778369884991e-01
3.342879990186158e-01,1.799782251448342e-01,2.249736997014587e-01,2.686352150324821e-01
2.957225036922587e-01,5.014898324153116e-01,2.523382991831379e-01,4.288483264127707e-01
6.016580227275153e-01,3.783525269122140e-01,4.131853268963838e-01,3.415504453761581e-01
2.318627700812064e-01,4.071720253969044e-01,2.048637736091910e-01,3.235512960152098e-01
2.491894007807389e-01,3.223368868892549e-01,4.179713352081258e-01,2.802339305188967e-01
4.199997838360662e-01,2.355772832643599e-01,6.525258697163986e-01,3.505923421791694e-01
2.659400899268139e-01,2.809304287677818e-01,3.789497432558170e-01,4.219804335488998e-01
5.705968975655712e-01,4.636573801689310e-01,3.784342514202303e-01,4.693858757638908e-01
4.110216369824237e-01,3.070992798848336e-01,2.660716493899004e-01,2.379341529224647e-01
2.799638440583357e-01,3.275387539089848e-01,3.693101647848882e-01,4.382158411885411e-01
5.638488880876271e-01,3.198839762036538e-01,5.910835457392596e-01,2.186425413707318e-01
8.389628371291605e-01,7.011697689552771e-01,6.537432433342903e-01,7.336448699043557e-01
4.489526548562132e-01,3.352002152862357e-01,4.339841024672840e-01,3.551137777369588e-01
6.583250315497053e-01,6.237777452714508e-01,4.659631892804152e-01,4.009639878387484e-01
3.177439619418588e-01,2.409375896421875e-01,3.572741527199038e-01,2.022689822284357e-01
3.861815872764430e-01,3.239285471123948e-01,2.953515041686336e-01,3.192604327719967e-01
2.974828211271353e-01,3.215419808894566e-01,2.591588870745262e-01,3.339878720923697e-01
6.430232035085729e-01,4.837282916099072e-01,5.435797900365017e-01,7.313171889579390e-01
3.891316342853297e-01,6.595125201348009e-01,5.411438483814384e-01,4.192047944320579e-01
6.534119622992783e-01,6.404870367821280e-01,6.132574142392134e-01,7.988919634007330e-01
6.448488726372041e-01,5.131885152654658e-01,5.828455453132309e-01,7.322104458276508e-01
3.575426628449922e-01,6.031819768860065e-01,5.048775835676438e-01,6.297397413705766e-01
6.734114554866921e-01,4.559342709576951e-01,4.691911568410877e-01,5.881783075659877e-01
4.557182084219716e-01,2.443964974585556e-01,4.112226885304019e-01,3.856550555623114e-01
5.653116161566371e-01,3.656730764136562e-01,7.775255258442849e-01,3.259866049272392e-01
6.623412822517581e-01,6.170988113288858e-01,7.004499258147949e-01,4.581961245033791e-01
3.091248647597635e-01,5.163842142645554e-01,5.302994076978390e-01,6.122678182612249e-01
3.202225932627889e-01,6.541006445082453e-01,2.852363792187576e-01,3.183521257765548e-01
5.532262049458723e-01,4.815176442885007e-01,4.520599932082635e-01,6.352319678724304e-01
5.879022966710310e-01,2.590831787389890e-01,7.054251565881150e-01,3.700788499438896e-01
2.709444352059047e-01,4.134892642520028e-01,5.281498033487677e-01,4.129477331943969e-01
3.765225015605879e-01,5.393172504169752e-01,3.326953927904974e-01,5.132961712866595e-01
2.973404650602236e-01,4.414303810723254e-01,3.397585087135353e-01,5.489289198105703e-01
6.231788488397818e-01,8.212639699425426e-01,5.507837741318979e-01,7.159773122394264e-01
9.401679219815473e-02,7.492134685420243e-01,6.251557895329767e-01,6.007610527594757e-01
6.145631497508448e-01,6.156919162508336e-01,4.880774815045121e-01,6.909172683085887e-01
3.187979086489726e-01,6.030931156323799e-01,5.476364313320097e-01,7.134209489292497e-01
4.084654826908399e-01,4.219773552795034e-01,6.348077701568056e-01,5.184936853165907e-01
6.953120754688085e-01,8.037090039060967e-01,7.375593902451626e-01,8.319635098442846e-01
8.076717634280838e-01,8.228385021480876e-01,7.900595471560216e-01,7.610423078279968e-01
2.911064685325330e-01,1.808680441727336e-01,2.502743260889078e-01,1.764038492930939e-01
8.933409840499054e-01,8.578446013765944e-01,8.318981677814636e-01,8.954381090821482e-01
5.118695195430421e-01,3.636157753889959e-01,5.819514148957317e-01,2.965262287314546e-01
5.433699973016275e-01,6.991024453160510e-01,6.206575907866455e-01,5.182514831181162e-01
6.270529095242179e-01,6.118627610447408e-01,6.163466528979114e-01,6.779218665964872e-01
6.089152379711320e-01,6.862662532658265e-01,3.526627037908904e-01,6.876297770354178e-01
1.910951715520299e-01,6.174184200278270e-01,3.067063757345295e-01,5.471769836413012e-01
2.244057017991132e-01,2.866387981400742e-01,2.590553923135241e-01,2.049686657431576e-01
5.253540538511257e-01,5.285368611330939e-01,4.205302441246614e-01,2.967506224846669e-01
4.811194856138210e-01,4.718019522902491e-01,3.530470041417277e-01,4.312141279875282e-01
5.739950808762122e-01,6.310520550150555e-01,6.527486184057847e-01,6.920987469484789e-01
2.777508730603986e-01,2.971080997882016e-01,5.347549034959960e-01,3.698762634003424e-01
6.568517723576301e-01,6.365761097386718e-01,7.002159722229022e-01,6.153906069336684e-01
7.661908843213233e-01,8.038308689013256e-01,8.000377408985661e-01,8.645621537334102e-01
3.509684475599708e-01,6.830531972159367e-01,2.742274420947238e-01,6.868834888700024e-01
5.981236746245009e-01,5.145965453917254e-01,4.679481285340431e-01,7.072245627013154e-01
4.266684028698777e-01,5.725708862637384e-01,1.937389778033243e-01,7.160383356933289e-01
4.253628614765129e-01,6.689202895459826e-01,3.432096843069877e-01,7.487577722403356e-01
5.672505539505559e-01,6.297402533617499e-01,5.748254352782103e-01,6.451507914778929e-01
5.264574680630516e-01,1.998731164378390e-01,3.504288160802053e-01,4.820749913252187e-01
5.935613659828716e-01,4.988529514186868e-01,5.793568280707740e-01,6.042086231410115e-01
6.564609779759019e-01,5.673852523600706e-01,4.330287304800619e-01,6.219486646101573e-01
3.980305398290958e-01,4.813631293395647e-01,2.537466550445623e-01,6.368812050822690e-01
6.673897313618383e-01,7.932165269931690e-01,7.141084497928504e-01,7.998341099181825e-01
2.557148132904553e-01,5.784886317516728e-01,2.469704913517247e-01,3.459528351098001e-01
3.534118703052475e-01,2.742788616220177e-01,3.298906715129449e-01,3.057092622604912e-01
3.087757679145689e-01,2.723365716643977e-01,5.535890613454414e-01,3.251197834554887e-01
6.276805805399898e-01,6.370201631978578e-01,7.873995975714996e-01,3.706296879824664e-01
6.402625633552396e-01,7.411655921046335e-01,5.641073770098434e-01,3.947965706506013e-01
8.161339356272630e-01,5.413546060995833e-01,7.013888649980921e-01,4.170809324353508e-01
4.193373783805525e-01,5.609181827010665e-01,4.320179705485988e-01,4.225245211998443e-01
8.207045191314085e-01,7.798623347328368e-01,8.345354781959911e-01,8.711836491712658e-01
6.586244279380995e-01,7.564727780905161e-01,6.504650064981571e-01,7.175587436441220e-01
7.599934693166857e-01,7.848142237710998e-01,7.898499914922226e-01,9.057721071538148e-01
5.552146386478451e-01,4.885026184178657e-01,3.566449866905261e-01,5.393779893390049e-01
4.255224097085270e-01,7.967039858644684e-01,4.189316869724132e-01,6.590500791794202e-01
5.847326945778923e-01,5.902827116185321e-01,3.442021808961602e-01,5.298522659641356e-01
2.420329842642646e-01,3.634737008229819e-01,3.844349482152381e-01,6.025835022335067e-01
4.211069469522232e-01,2.996800029456935e-01,4.872055869305245e-01,4.379041660115036e-01
6.234896171599296e-01,5.574875423749325e-01,6.134629560447424e-01,4.172113261601054e-01
8.381292327027182e-01,6.850554498641787e-01,7.321424198336626e-01,7.635208874579639e-01
6.265974301890360e-01,6.955112749675767e-01,5.259232867183878e-01,6.507141613244607e-01
3.888883274021404e-01,3.257174173051785e-01,4.387704435230427e-01,5.196185314355990e-01
7.281357495043126e-01,7.278363364464713e-01,4.636391104554203e-01,7.596213630769368e-01
4.544650226508465e-01,3.096851149365748e-01,5.070836386410273e-01,2.638774697199589e-01
3.851546554788166e-01,6.217495426393900e-01,3.972638582602713e-01,3.676420229743635e-01
6.581200003396721e-01,7.925373307502476e-01,5.086783206425951e-01,6.794269651173448e-01
8.494460465587912e-01,8.434774493734883e-01,8.763166705666867e-01,8.871801784798006e-01
5.525704595845313e-01,6.256640624982553e-01,4.578940152107577e-01,6.565808739646639e-01
2.545678681568116e-01,3.152321684088037e-01,5.269345937161758e-01,4.658947367394143e-01
6.654300600347202e-01,6.627411709475571e-01,6.428265971352221e-01,7.226328670828542e-01
2.490868695589391e-01,3.106199236779879e-01,3.159999221419900e-01,3.274037658623868e-01
3.697316950630434e-01,2.644962897678554e-01,3.199429948785869e-01,3.766185087191544e-01
2.614698631903216e-01,5.827293546528398e-01,2.370673158965214e-01,4.356847257266482e-01
5.590093901798319e-01,3.608949228533980e-01,6.918298337855504e-01,3.937650764309509e-01
7.117900189187789e-01,6.786989065777652e-01,7.501999504224703e-01,7.641770687947430e-01
2.433515313712025e-01,7.591419899826644e-01,2.512107676753848e-01,3.820519510274626e-01
4.734178508378540e-01,6.391768586416969e-01,5.072583012136532e-01,5.872167654241641e-01
4.357155708851045e-01,3.673776763352045e-01,4.849113943603164e-01,4.219254825112580e-01
5.955536031322863e-01,3.973057516319670e-01,4.767197345815085e-01,5.513393009119502e-01
4.264381973300171e-01,5.097159147838928e-01,5.705411226095437e-01,5.750833153695055e-01
6.341044997261331e-01,4.709422577752626e-01,7.391802061593497e-01,4.028128714230373e-01
6.941687180547877e-01,7.542190761207042e-01,5.947473679624482e-01,7.407840920793194e-01
5.239120298461836e-01,6.402273682772062e-01,7.385599460774264e-01,5.467609719922230e-01
8.019574574675481e-01,8.441839122014965e-01,8.135119823275045e-01,7.237354437924974e-01
4.821570937314021e-01,2.974134405029044e-01,3.974583636983087e-01,3.560094679702476e-01
8.298459166115485e-01,8.300339346954040e-01,7.704934633547579e-01,8.667240392069875e-01
7.067908106329731e-01,5.693026012541416e-01,5.528038120516661e-01,6.603316083588188e-01
5.237801396791981e-01,6.863767838787985e-01,4.812336159218642e-01,3.561428199208497e-01
6.091567153099368e-01,5.903130967504012e-01,5.128315601431304e-01,4.109063171168309e-01
3.105003539665556e-01,3.283009316688210e-01,2.800609315857865e-01,5.482066912667813e-01
8.005920226725640e-01,7.224450661453808e-01,5.996741304744371e-01,6.855433354860740e-01
7.729031830036017e-01,8.604344138974053e-01,7.653367940878946e-01,7.769900055837999e-01
7.158482707262585e-01,7.077940961103779e-01,6.706913066074760e-01,6.838534840388147e-01
6.813562741077155e-01,4.657090596620950e-01,5.951872672051435e-01,5.706922952242950e-01
6.338548031055085e-01,3.249276996151564e-01,5.061125863200393e-01,5.267004320589728e-01
2.915744676937708e-01,5.714190857479428e-01,4.758248520601884e-01,3.732777369466278e-01
5.602804244713511e-01,3.314054363956279e-01,5.688065060895033e-01,4.228822602031346e-01
5.258831941612905e-01,2.872867074999582e-01,4.485011408541577e-01,2.846000616388967e-01
6.158274121025358e-01,3.052878125125571e-01,6.188977908551894e-01,4.445375080941934e-01
5.572469379288266e-01,6.483250277991889e-01,6.511769747948191e-01,6.662876323372707e-01
6.394380499173946e-01,7.607524108329289e-01,7.432898241383243e-01,7.230008865044117e-01
4.330016527454278e-01,4.178637599530548e-01,5.574898234022880e-01,6.993697737372205e-01
6.618571061858205e-01,5.634914868850216e-01,5.664760807747095e-01,7.396709678532741e-01
5.909199357019421e-01,5.467574824744442e-01,4.927288093860432e-01,6.367086851873578e-01
4.017033897466023e-01,3.634584338006519e-01,3.679937508754801e-01,4.047285643522696e-01
7.922489090709184e-01,6.705457126714831e-01,6.107442741523972e-01,7.003494297842654e-01
5.496835349691154e-01,8.512806357134157e-01,5.972896603598390e-01,6.750757721981431e-01
7.585763962171503e-01,7.198983306109099e-01,6.273002969680381e-01,6.053512453763719e-01
2.859509121335947e-01,8.984197440682530e-01,3.840420884534944e-01,6.365287754418306e-01
5.197836360232594e-01,5.514470078890000e-01,4.857127124993874e-01,5.425698418837346e-01
2.134392987433079e-01,3.212028618115261e-01,2.855343300389596e-01,2.627706569893049e-01
6.767080972653782e-01,6.800696557193537e-01,6.861413199401880e-01,8.179041038114756e-01
4.694952912750480e-01,5.630253592721793e-01,3.800491794874697e-01,3.952647792874759e-01
3.939698981659281e-01,2.955968744264596e-01,3.381270458548756e-01,3.129361817028612e-01
2.019876324268076e-01,1.949796121374246e-01,2.616283236283162e-01,1.822476193784160e-01
4.343596228465371e-01,6.866372212838516e-01,4.432280527957861e-01,6.723746020780658e-01
6.462453981925065e-01,6.701199350976430e-01,6.331220162127551e-01,7.113288159577491e-01
3.753483478842194e-01,4.494461161364215e-01,2.599275102307971e-01,4.239454605511516e-01
6.164409024431112e-01,4.176583750032351e-01,4.760381789800570e-01,5.980170793832005e-01
2.626414275271917e-01,4.070536729418706e-01,5.192638928498823e-01,5.146255313458896e-01
4.447721966135916e-01,3.685829088696514e-01,4.653193991486282e-01,3.671540910538214e-01
6.364789264763679e-01,4.665825528403236e-01,7.383393562960643e-01,6.689787943002072e-01
4.038998857266108e-01,5.346393099585045e-01,3.128564576603474e-01,5.429890286441552e-01
8.950856644064030e-01,8.773853897356543e-01,8.029818048818974e-01,8.071096886106630e-01
9.680538376611377e-01,9.270332172634068e-01,9.457963375681103e-01,9.369798719534284e-01
7.862904185464850e-01,8.824817195789436e-01,6.685172137692241e-01,6.836084775545697e-01
6.867705838725086e-01,5.459264464347471e-01,6.675022351529951e-01,5.615406366736814e-01
4.191499689627919e-01,5.749471505276775e-01,6.578497103112302e-01,6.269852039005344e-01
2.964651686030293e-01,5.590447298067256e-01,5.106078740926543e-01,6.347731837582695e-01
3.130616264955791e-01,2.309095314250404e-01,4.487210293439811e-01,2.705591733638046e-01
7.140789679986734e-01,6.935167169406686e-01,7.261708967847799e-01,6.243269531320248e-01
6.617066295915495e-01,6.362072503071341e-01,6.841961068007723e-01,2.858840121391300e-01
8.237545396843162e-01,5.514884490379921e-01,6.006725695373583e-01,6.950892133077509e-01
6.671060740667900e-01,8.174822797888455e-01,8.412898920170155e-01,5.975411206823673e-01
3.273237479700651e-01,5.173796035462199e-01,3.466147470559428e-01,5.890762622142599e-01
3.530929289315402e-01,2.532882750260584e-01,1.492427787233434e-01,2.317266721014830e-01
2.640638911879359e-01,1.174492010004641e-01,2.384995036251076e-01,1.268545508772722e-01
1.083782547904586e-01,3.292500418262489e-01,2.179793815789764e-01,2.203821304475481e-01
2.637657955047656e-01,1.798710934370066e-01,1.377217270105891e-01,3.382686826111838e-01
3.467493369047162e-01,4.495306658054743e-01,3.531498433268453e-01,3.679423484158144e-01
7.042734067141769e-01,4.835896447597230e-01,6.211191559770317e-01,5.006620275256335e-01
8.161131468628198e-01,7.477491705346957e-01,7.313396600514088e-01,6.358237264222448e-01
8.193219528430269e-01,5.329663367090789e-01,5.426834262415353e-01,5.032977914944859e-01
7.662073477431197e-01,7.507932481440854e-01,6.960900861678309e-01,7.346913729298048e-01
3.922992336457116e-01,2.570113051760609e-01,2.055316441802348e-01,2.804297835183506e-01
5.826949214166787e-01,7.639428777397413e-01,5.636770447549215e-01,6.796510334865598e-01
2.012908558957534e-01,1.177642937750227e-01,1.934797683287260e-01,1.593126986356899e-01
4.924644363294524e-01,2.862881959437623e-01,4.616589157506183e-01,4.822658330905855e-01
3.938072285324619e-01,4.819886666295267e-01,2.472162398697912e-01,4.250068236429728e-01
6.214967895019640e-01,3.268487683355638e-01,8.498922572398495e-01,5.550936540865412e-01
2.122360776831632e-01,2.229879510724116e-01,3.573767259476149e-01,3.444265094676374e-01
3.076766159792725e-01,5.070886618282571e-01,4.948469146694335e-01,5.376835224598594e-01
3.924412032119305e-01,4.770923833514605e-01,4.692326032692169e-01,5.721675053938031e-01
4.192572135471124e-01,4.690628815525988e-01,4.105686802593135e-01,3.930399730045711e-01
4.337701263321828e-01,4.933580357560569e-01,5.194783249883539e-01,3.811333825532497e-01
2.532861730565452e-01,2.870889662882840e-01,2.546892461882646e-01,2.307487958978520e-01
4.178966419915576e-01,4.816230519312468e-01,4.617693797070792e-01,5.957297343461662e-01
4.900340864211001e-01,5.758918647136595e-01,4.312104706032059e-01,2.656715308573540e-01
4.918707454886664e-01,7.276560030872335e-01,4.778795902407053e-01,6.022675515522560e-01
5.761006122602442e-01,6.134544543244459e-01,5.132995536018844e-01,4.236617625479572e-01
7.189357521355360e-01,5.121711203137875e-01,5.982434736404995e-01,3.445679980716124e-01
4.871613234066845e-01,3.857077892353042e-01,3.660423504453120e-01,3.053848013489332e-01
3.128468114622833e-01,4.874089355919119e-01,6.039046042290441e-01,5.123465263125554e-01
3.073486743274085e-01,2.010550364696162e-01,4.457265330283361e-01,2.707430173399197e-01
6.062845815819808e-01,8.016075778132620e-01,6.695343096101471e-01,7.973618459717067e-01
3.424819852969775e-01,5.940118067002338e-01,6.341697475196642e-01,3.379165168322100e-01
5.279514377224940e-01,5.068682222314520e-01,4.635779605616736e-01,4.421283251983690e-01
4.032453135433794e-01,6.853734941439427e-01,5.425242142074792e-01,6.947226232185373e-01
3.476020038042374e-01,6.496275581760687e-01,5.279878244330729e-01,4.947128137815283e-01
8.022147011127746e-01,7.192797940175940e-01,7.497068802516325e-01,8.176027555674534e-01
6.714902020910061e-01,6.658648896009479e-01,6.176591145089159e-01,6.583322720552232e-01
3.790841619590165e-01,3.310792556937443e-01,3.420882828720795e-01,3.096203268061318e-01
9.826919517895903e-02,9.294280221247316e-02,7.705674320981862e-02,7.150983979415090e-02
5.751460269250512e-01,4.458537542618166e-01,4.681160603634534e-01,2.689927388220258e-01
4.951479028316931e-01,3.929770216083282e-01,2.871719413782663e-01,2.783690949730777e-01
7.553972951943817e-01,7.619297109680856e-01,7.301140373209045e-01,7.159695817338363e-01
6.935197995153091e-01,5.767113570219766e-01,7.953834773574866e-01,5.160419313344764e-01
7.346318900516340e-01,6.164083577111162e-01,8.765585115831931e-01,6.427924124849453e-01
3.536109491203582e-01,4.374382983861654e-01,4.222547236786523e-01,4.580985868804969e-01
4.320987101033001e-01,4.343999179304002e-01,5.002624819996777e-01,3.332319074221818e-01
3.502734017908986e-01,5.813680593822277e-01,2.813025312039096e-01,4.890946588164742e-01
7.407224569561429e-01,6.239704845712475e-01,5.531251812957211e-01,7.430340261478745e-01
4.663948287582476e-01,3.245246809996658e-01,3.609405767649466e-01,5.094171967681356e-01
2.322308508362388e-01,2.350533854092563e-01,3.893054162966971e-01,2.234544196164630e-01
7.481996137827758e-01,4.316446555279196e-01,5.983802650008718e-01,3.492037408151303e-01
3.936737001080793e-01,3.488747990414190e-01,4.471231278522291e-01,2.675928617741445e-01
2.892021929694116e-01,4.859219938202852e-01,4.620972051322210e-01,2.671669309010126e-01
7.297446221939449e-01,7.158522441862860e-01,7.026020743639118e-01,7.383943418914571e-01
7.417108401109889e-01,6.861363192093575e-01,7.477367175880785e-01,7.262634725256640e-01
1.645639467217961e-01,5.397451569736811e-01,2.135185736208294e-01,2.847308048438140e-01
5.649770326714907e-01,4.687890295251621e-01,3.356321117335679e-01,6.564927249726292e-01
5.244995425503001e-01,5.187616383687763e-01,4.237909148469402e-01,4.428036797271135e-01
7.547721933987909e-01,5.220493029877000e-01,5.790851730822115e-01,6.247675011784278e-01
4.193315411057845e-01,5.823492601999252e-01,4.719822059617372e-01,4.570954130782797e-01
7.885897963871149e-01,6.446418301221717e-01,6.854947127063478e-01,6.300925005675957e-01
3.712959157991174e-01,5.401228842580088e-01,5.275036868507061e-01,4.536483811766407e-01
5.036445173699351e-01,5.834289233036858e-01,7.171611451727955e-01,6.691129380893498e-01
3.716580468003245e-01,5.028997761351796e-01,3.514583634854309e-01,4.036866589949586e-01
7.056273111873450e-01,4.088233312417382e-01,6.325780561371737e-01,4.973768966675959e-01
4.037007494004061e-01,4.958121177379655e-01,4.417215277772145e-01,5.731713258186404e-01
4.636766113321775e-01,5.815154403994871e-01,4.933407028859120e-01,2.761456325468777e-01
5.748532266979620e-01,7.264328619061959e-01,6.275344402491119e-01,6.151066883023912e-01
4.366920160612422e-01,3.812543776847961e-01,4.615619162403137e-01,3.863365377718764e-01
5.968519847752654e-01,4.129771198048713e-01,5.449583740833110e-01,3.518957511343902e-01
5.059911919325452e-01,2.090866983876264e-01,7.416108768102159e-01,2.192434128551488e-01
6.651298776395120e-01,4.551769720710292e-01,7.241575053285585e-01,7.377226272676389e-01
6.355941366420939e-01,7.395452340759933e-01,6.496829154109187e-01,6.173584726984442e-01
7.872026913605179e-01,7.592188360773410e-01,8.321179470694765e-01,7.109672615595588e-01
4.340889589680217e-01,6.288472181922764e-01,6.726094433219278e-01,3.422401727802080e-01
3.230909567786528e-01,6.189724692903578e-01,4.570896837502336e-01,5.507153508088987e-01
5.986919454741928e-01,4.162587399267201e-01,1.608136974802823e-01,3.695225140112960e-01
7.096921726141348e-01,7.706631758318285e-01,6.525701731623874e-01,6.614602234859868e-01
5.315653105458391e-01,6.354787914003558e-01,3.701745311665293e-01,6.121487306146327e-01
7.827593562190484e-01,8.160929344483604e-01,8.631802831152190e-01,7.429085309446767e-01
3.516349313334465e-01,4.904964504998289e-01,6.160483731909175e-01,4.588584602614575e-01
8.407940672432378e-01,6.449323379873393e-01,6.876964031110429e-01,6.590534135366831e-01
4.512167706911901e-01,4.773828559935646e-01,6.911647560618521e-01,3.701991263911184e-01
6.631865072475496e-01,4.819455805153808e-01,4.798366163556260e-01,5.886390524018824e-01
2.878610822176085e-01,5.783060188389497e-01,3.186059702875071e-01,3.048712854215533e-01
5.369476476883079e-01,2.999996321767052e-01,4.564092481251234e-01,3.877603759934402e-01
3.025489336888924e-01,2.581683124301772e-01,3.539221994361616e-01,3.435343360121030e-01
6.088819780443876e-01,6.396697348945238e-01,4.377482278279924e-01,6.815503267327122e-01
4.693231985483414e-01,5.094158520662520e-01,6.351515116617514e-01,5.922826482244753e-01
2.535031703838818e-01,6.238199167523382e-01,5.448556786536897e-01,7.701077205713995e-01
4.151394881342311e-01,3.758452291521361e-01,3.256438061266387e-01,2.351480025946914e-01
4.724706193212795e-01,2.705955413133538e-01,4.996664262725954e-01,5.574382336717837e-01
7.874355291477245e-01,7.545644954827969e-01,7.730876506751932e-01,8.045058430704465e-01
5.268656821542598e-01,3.309578897860974e-01,5.271624436748241e-01,1.977323346493970e-01
5.286357555505065e-01,4.905338528573721e-01,4.537224084616390e-01,5.528257049288083e-01
5.192999296417087e-01,4.785700628875110e-01,3.835837950903597e-01,7.083219963633750e-01
7.125903444595156e-01,6.245766767266923e-01,6.722302083079154e-01,5.042879818186872e-01
6.377723423571811e-01,6.381932899429528e-01,5.475470778453990e-01,8.173208118803508e-01
6.106509293004448e-01,4.134968714986690e-01,5.498678242820683e-01,6.641362307964890e-01
4.255157539132975e-01,5.689924123277253e-01,4.954117242671890e-01,4.419372962953159e-01
5.208806572748754e-01,5.752050612901143e-01,4.641429662585791e-01,7.584854357501278e-01
4.739734003947862e-01,5.264078445599734e-01,8.068971440448558e-01,5.086630315312577e-01
3.604336485573544e-01,5.114258378045371e-01,3.529156370295574e-01,5.474413045737414e-01
5.995917578709304e-01,5.279176593853667e-01,4.820523259249445e-01,6.061708444206233e-01
5.949072055147421e-01,3.070276960007848e-01,5.067658446387839e-01,5.147766706681328e-01
5.657732014807625e-01,5.821594658428848e-01,4.079221536546691e-01,4.710469591962171e-01
3.197773542901030e-01,6.781765790613816e-01,3.847209183574697e-01,4.975605878673637e-01
5.814121314777416e-01,3.227626728893565e-01,3.978237794508002e-01,4.252635493218749e-01
1.832610424117446e-01,2.832665372801734e-01,2.359037778283775e-01,2.629770216756184e-01
6.557827914577616e-01,5.949544697190237e-01,8.069753180096773e-01,6.509838642654302e-01
4.708690620965164e-01,6.476692572006069e-01,4.987356363915759e-01,5.925481682792604e-01
2.889532142513971e-01,1.964254703148757e-01,5.101241862203512e-01,2.690860758131637e-01
5.175464006307563e-01,5.076433803289755e-01,3.808578819969665e-01,2.464277097696208e-01
1.723034455268888e-01,2.120406405293606e-01,3.228182204626933e-01,2.034257381126262e-01
5.577187211805430e-01,6.597776986851818e-01,4.560159623158732e-01,7.140765352766403e-01
3.946087068684938e-01,2.975550327327977e-01,4.833032836883496e-01,6.263714109193996e-01
3.333176047920832e-01,2.269035028115947e-01,4.275512659425516e-01,3.009783016294588e-01
2.750110133900786e-01,4.083090967843977e-01,3.175893450256884e-01,2.849773304140871e-01
7.142753101229760e-01,7.259065929512603e-01,6.499598799268353e-01,8.750723823759929e-01
4.088268344958810e-01,2.501405357474752e-01,4.428175605123610e-01,3.890439542383486e-01
5.723137740983623e-01,4.098406612679737e-01,3.761342887087122e-01,6.178969711820762e-01
1.901166424761105e-01,1.979605367639981e-01,1.813358832613739e-01,1.713365800963780e-01
4.257178445942894e-01,3.559988530073695e-01,4.707208362157198e-01,5.387239743847836e-01
5.562456393613158e-01,4.126394075749584e-01,4.140373626234272e-01,5.972172999744874e-01
6.818230547642551e-01,6.609007485887124e-01,6.577482582346803e-01,8.616521820993167e-01
5.791643154736553e-01,3.474736256178329e-01,3.465266249506240e-01,7.663608171283608e-01
3.922448745183401e-01,2.593810123037731e-01,2.952912121741573e-01,3.336608038165093e-01
3.152105151947751e-01,5.528666019613386e-01,5.908790571696473e-01,5.687580823500197e-01
4.959609460533272e-01,5.871354794947565e-01,6.710992685846655e-01,5.529565055691932e-01
7.078202192952567e-01,6.640246027045631e-01,7.398908238379549e-01,7.080456849580818e-01
5.874069143126239e-01,4.245116531940150e-01,4.590090148632102e-01,3.936389495307311e-01
7.874965478479476e-01,7.475371091440368e-01,6.581881675163551e-01,6.356327246224833e-01
5.219166791045420e-01,5.145789445366487e-01,6.564441032561579e-01,6.284647168404249e-01
6.380328024886730e-01,7.471567545373419e-01,6.688407864839512e-01,6.534631212819455e-01
5.295635721239345e-01,2.599962913934791e-01,5.180220478978734e-01,2.670042982276868e-01
5.815459635113619e-01,4.320694624835963e-01,4.276355632176209e-01,4.081865697408092e-01
6.001422195123646e-01,7.059273946537282e-01,3.516332712263063e-01,4.314883223113587e-01
4.822930939300795e-01,4.477180779865086e-01,7.043908420643767e-01,6.868255869666294e-01
8.814786572135327e-01,7.143649889725714e-01,7.572260721207404e-01,5.978355711712455e-01
5.351299729787833e-01,6.633110507688753e-01,5.293404744816419e-01,7.186710376674724e-01
2.621582793955450e-01,3.513559834575498e-01,3.565312869367330e-01,3.403169467679865e-01
3.114938539662777e-01,5.502901958868398e-01,4.217885527021025e-01,5.166924897544678e-01
5.291760553807812e-01,5.097761649708845e-01,6.617366502984141e-01,3.615216380011181e-01
5.326725365467645e-01,6.351127178718776e-01,5.875161900642727e-01,5.677478234214756e-01
4.432138775085362e-01,5.042666562387756e-01,4.517027322307988e-01,4.048818827424372e-01
4.873080953626749e-01,6.492095042626989e-01,7.030774868545744e-01,5.937916246599294e-01
4.860844723674376e-01,7.889837995295446e-01,6.166772656239048e-01,7.117229539902852e-01
2.267391134967762e-01,1.713588257916454e-01,2.385240325660501e-01,1.180992276592771e-01
7.428939397191032e-01,6.593830712900881e-01,7.343267073819887e-01,7.968426581622989e-01
1.587223672363281e-01,3.239304146160781e-01,1.484525519681135e-01,2.034749306223509e-01
4.639337729318679e-01,4.513495571320805e-01,4.648577188736159e-01,4.438463502083907e-01
5.166971127143762e-01,4.379684954331231e-01,5.711748340185190e-01,4.110913565048566e-01
3.027283561294402e-01,3.040100017248313e-01,4.619391166280528e-01,2.133955447214393e-01
5.434451624220518e-01,5.158170292969282e-01,7.533043732708901e-01,3.411915734999267e-01
3.469429815773234e-01,5.988968883943165e-01,5.672770790501881e-01,1.312525435855352e-01
7.454334236111624e-01,6.240746767046310e-01,3.541929930074846e-01,6.052714159607471e-01
5.164522479451753e-01,3.719237072063709e-01,5.100051403544656e-01,4.778817573584505e-01
5.338746215151052e-01,5.453468917802313e-01,5.577929665258982e-01,3.015043432746044e-01
3.214567800096153e-01,2.658601824456245e-01,3.945879975212673e-01,1.845173145303402e-01
6.121421366780151e-01,6.510108078052530e-01,7.752305364765006e-01,7.091255425629610e-01
4.984879518562417e-01,5.609690936495999e-01,6.361030553687909e-01,4.811069384902541e-01
4.741549319809687e-01,3.945380683164287e-01,3.991611900461557e-01,2.574056623104030e-01
2.645598587783409e-01,4.493304253498289e-01,2.390286300069442e-01,5.364802216712040e-01
3.610706516757121e-01,2.745975776561028e-01,4.071792065227074e-01,2.140722719023953e-01
6.662524463382814e-01,6.155999003489947e-01,8.482535266926976e-01,7.663955871501237e-01
3.451856783919037e-01,4.572965239886415e-01,3.411362775628597e-01,3.035868770527316e-01
6.269934498399992e-01,7.102308491458205e-01,7.111730122636115e-01,6.921675085207655e-01
9.286431521163392e-01,9.347325492531610e-01,9.075477808885042e-01,9.083778223353521e-01
5.396138798073689e-01,5.865351218370873e-01,6.466616725409751e-01,4.998290270844341e-01
3.658920692109440e-01,3.475767283942675e-01,3.689614729578646e-01,1.867926060849806e-01
3.025720602318714e-01,2.729236525781319e-01,2.300969235579176e-01,2.901358853776045e-01
7.955195413830356e-01,8.206234112504761e-01,8.383394212363736e-01,8.571341406189905e-01
3.048859603501759e-01,5.010649307268809e-01,3.754422946076491e-01,3.208171605997144e-01
3.039569113576847e-01,3.159794306940157e-01,2.296395485059222e-01,2.490680084522403e-01
4.677675075511386e-01,5.208890321854989e-01,5.433260837520538e-01,5.553984563449751e-01
2.068513966420413e-01,1.905981043537703e-01,2.465169428522506e-01,4.055574876373168e-01
3.552190627473175e-01,1.385349202864883e-01,3.592684006335340e-01,1.165260861934881e-01
5.773834637387409e-01,6.497878014354541e-01,4.718571428857080e-01,6.684924217739181e-01
6.664862525470067e-01,7.178711179005077e-01,5.830817018783183e-01,6.961640847882199e-01
5.389195213359272e-01,5.024487984874848e-01,4.427849511752082e-01,7.460508051491129e-01
5.921705949992340e-01,6.387145682272726e-01,6.267879703854002e-01,5.172101019948689e-01
2.690034363604832e-01,2.848339661540399e-01,2.585578774358632e-01,3.386804097077059e-01
7.100716552404149e-01,5.331120729904868e-01,7.308423363680400e-01,6.201490760511514e-01
4.781689535245626e-01,6.658013319884537e-01,6.174645467823319e-01,6.153602344006823e-01
2.535544760431197e-01,1.653749012305858e-01,3.552857980367989e-01,1.986721660756162e-01
6.153947702036812e-01,3.906301688857795e-01,4.584641257034523e-01,5.424912062889835e-01
3.089575104714781e-01,3.628822969812559e-01,3.098111942329805e-01,3.046395704724818e-01
2.257090507336661e-01,1.959185453843055e-01,2.789109671560469e-01,2.148916663094714e-01
4.713350409040514e-01,3.736682982753101e-01,5.126046501753232e-01,3.928653850299912e-01
5.828303702669793e-01,6.294231105025319e-01,3.170080817898541e-01,7.015001751108076e-01
4.396035143477810e-01,6.840332443298704e-01,4.535488808338238e-01,5.569070342102911e-01
4.229548064750299e-01,3.418449703876183e-01,3.946573664839809e-01,3.386666409692010e-01
5.792276240346728e-01,4.340102163937538e-01,4.928836902926104e-01,4.905858574772957e-01
7.992274321786483e-01,6.475474704983408e-01,6.791565340381158e-01,7.375460228643581e-01
1.745708960361954e-01,1.840246818352648e-01,1.924404896763309e-01,1.681789314384154e-01
4.252520449049045e-01,3.583245762022703e-01,4.212036124485913e-01,3.566653642648908e-01
3.670082766934448e-01,3.270294950600618e-01,4.894523412110163e-01,5.081800173645301e-01
6.024345760780649e-01,4.109528209573217e-01,5.094488998222579e-01,4.115991796607941e-01
5.027468424000592e-01,4.508523535193198e-01,7.731055558053195e-01,5.144112817889200e-01
4.828810014080498e-01,4.253897332721440e-01,4.023711480777706e-01,4.110226296423950e-01
7.580540561853772e-01,7.737606485376005e-01,6.596683518300317e-01,8.410908906794743e-01
4.297130276961054e-01,3.146461451781236e-01,2.431737546416754e-01,4.249540989801814e-01
3.941915069328013e-01,3.119056949916451e-01,5.340558119040999e-01,3.396732962527803e-01
5.163035316196176e-01,5.278401431597247e-01,5.445164014886312e-01,3.059476739162120e-01
1.927268953333209e-01,2.231887029228704e-01,3.237828482998016e-01,2.624926006291967e-01
3.104701001942723e-01,2.274657796546393e-01,2.146434951412775e-01,2.123754044768696e-01
7.364817185987668e-01,7.231871710475565e-01,7.580063080553925e-01,7.921933668527132e-01
6.274704264391093e-01,7.117335252902410e-01,6.141223295472360e-01,5.449809191041577e-01
6.911854550358534e-01,5.742551737160353e-01,4.248050570910950e-01,6.956416200546244e-01
2.330601331681834e-01,2.426413844632937e-01,3.911860874747709e-01,3.012026075965450e-01
2.984126361003617e-01,2.434746540921153e-01,1.477881209586573e-01,1.680113305258327e-01
4.143577835339621e-01,4.905764365843230e-01,3.308325715065271e-01,4.833082044326550e-01
3.735285924527680e-01,3.880715757742388e-01,4.191243045315967e-01,2.599450118831112e-01
7.028404433126048e-01,5.915792833651339e-01,6.798186893460175e-01,6.354593992909696e-01
9.058149253129572e-01,8.066308568129779e-01,8.486552191824043e-01,8.656764790605249e-01
6.700249561853843e-01,6.964214962298387e-01,6.928303411879522e-01,6.377681688071952e-01
5.184487891496724e-01,6.078416653953301e-01,2.712699545432852e-01,6.267511790688259e-01
7.227819229818871e-01,3.380279802213043e-01,4.016472503117507e-01,4.826077469024345e-01
6.130914886869532e-01,3.307689668814816e-01,4.335428830155799e-01,4.780672358096073e-01
3.017027513238297e-01,5.876506218463572e-01,4.559133690373917e-01,4.938627564116022e-01
3.960078463176159e-01,2.817746602667364e-01,4.300172883260217e-01,2.961448242776857e-01
4.910141178496737e-01,5.758602638189865e-01,3.978786858647010e-01,3.642040397707486e-01
4.382159395651536e-01,3.015023004147049e-01,3.294296092873507e-01,3.672741338800272e-01
5.561783878379787e-01,5.554712566357929e-01,6.449113740017509e-01,6.153080572753491e-01
3.738333189353025e-01,6.505918886141380e-01,2.205467279214821e-01,4.525304264644093e-01
6.103599817803773e-01,7.547968970843598e-01,5.499642618764861e-01,7.756637083412619e-01
3.977471182402066e-01,3.921337008570052e-01,4.080775564501015e-01,5.814935636273368e-01
6.744230606668444e-01,4.984712640683007e-01,5.188023699453483e-01,4.636129243081906e-01
7.237330928583801e-01,7.289189267110636e-01,7.765000909146970e-01,8.028680704825741e-01
7.507890519950182e-01,7.940115507041388e-01,7.531948663860329e-01,7.628911389142049e-01
6.968584199413459e-01,5.041401812723609e-01,5.350894366827472e-01,7.707807666788946e-01
5.749840385105914e-01,4.335907101305301e-01,5.135309147013625e-01,6.119430840843687e-01
3.772487645343566e-01,3.068806642596901e-01,3.391796081423092e-01,2.868954835640043e-01
3.774716613048569e-01,3.487515132097915e-01,3.263608674142585e-01,4.210590083550519e-01
7.477599792462980e-01,1.916862773200721e-01,5.429509229192203e-01,4.824898048202785e-01
4.373583917867127e-01,4.078912900322964e-01,3.616830534108457e-01,4.063344008621017e-01
5.670110788597551e-01,5.700951347488961e-01,4.824332565763358e-01,6.165142514385331e-01
3.597245104527679e-01,3.676316263384978e-01,3.756520311728991e-01,3.668068163824891e-01
5.874203819348973e-01,5.054703924120612e-01,6.184501198976685e-01,5.222009763538407e-01
5.071603666785194e-01,4.013841467100044e-01,5.049585362599007e-01,1.932104053388300e-01
6.348754794860161e-01,3.506579928270037e-01,5.281110192176701e-01,3.761171169776146e-01
5.100673264648611e-01,4.495466474529147e-01,4.404500383742223e-01,4.072081620138770e-01
4.560026284717731e-01,6.027372828782152e-01,5.102037609940329e-01,6.030855966639586e-01
5.224695766617753e-01,4.588449136563047e-01,4.578535133558884e-01,3.885678370544150e-01
4.186006618776398e-01,3.873093721701423e-01,3.161693717755513e-01,4.004390727539331e-01
8.059785994251006e-01,6.666958547374193e-01,5.858832591299805e-01,5.699662463127665e-01
8.289698003181974e-01,6.754022793020921e-01,6.090798429202233e-01,7.141879607633341e-01
7.685581367766967e-01,3.430903789265187e-01,5.498228255899571e-01,4.087162884056905e-01
6.896753979606600e-01,4.823111264130231e-01,5.912082871937135e-01,2.679460490828918e-01
2.644874126763772e-01,3.672876446631769e-01,2.907932947577746e-01,4.852922238020883e-01
5.096617644722432e-01,4.446547163326126e-01,3.989667914031940e-01,5.312675217659358e-01
7.335215004494846e-01,3.337401021285009e-01,6.121142640812871e-01,4.771362811605893e-01
6.099956352083369e-01,3.361585631571193e-01,5.220351908247989e-01,5.246119850965312e-01
2.746494711632911e-01,2.313638517990813e-01,2.791046189777073e-01,2.632847167461497e-01
5.126759173620133e-01,6.315064811185560e-01,4.368009032969607e-01,6.240613040871684e-01
6.519045931765963e-01,7.159444500779375e-01,5.573732794697610e-01,4.897003004327048e-01
6.002519104398150e-01,6.554176044650786e-01,6.901777840869521e-01,6.983801208223550e-01
5.475961240969759e-01,6.239235171174669e-01,5.151931421316047e-01,5.023325421292533e-01
4.604057981114825e-01,5.470833373695453e-01,2.635727657519879e-01,6.670166512226623e-01
6.229406996095448e-01,7.502489360993880e-01,6.322321796474806e-01,8.281570132883294e-01
8.251218792095728e-01,5.980968319380447e-01,7.482657412331382e-01,5.827617856582339e-01
7.665167113981508e-01,6.631746880447327e-01,8.669525347186802e-01,6.994524710372791e-01
4.082606129211641e-01,3.168811912888154e-01,5.195510071476013e-01,4.964949537849215e-01
2.247965283036302e-01,2.569375136875277e-01,3.235897679894526e-01,3.546888403974439e-01
4.866416000720286e-01,4.067366871172720e-01,5.339514202787168e-01,3.908076024269436e-01
8.022797053775579e-01,7.718189774439090e-01,7.631780884899355e-01,8.474078718308418e-01
3.942367765292067e-01,3.890249760413576e-01,4.410829435872045e-01,4.855839522534945e-01
6.535093095615262e-01,7.271828708270380e-01,8.150603822164575e-01,8.087487922777048e-01
4.543496527470260e-01,5.760970991564727e-01,4.071615716893769e-01,8.339277576315883e-01
6.190553370215343e-01,2.970632893429158e-01,4.342543096072665e-01,4.885145943322572e-01
6.029914422263141e-01,4.386442066968496e-01,7.485051902996123e-01,6.191061467683587e-01
7.907256750139345e-01,4.699738617456072e-01,5.815439229580264e-01,6.341995839485982e-01
7.405503333324698e-01,8.588741479992502e-01,8.483397263725548e-01,7.758759846999467e-01
5.159641844813396e-01,5.435986678752434e-01,2.961713166331507e-01,5.727185001541539e-01
4.375095361847147e-01,4.241607659053086e-01,6.741578908632220e-01,6.791607894517975e-01
7.461555320074051e-01,6.908916316452540e-01,7.930249278821664e-01,6.217588458301659e-01
2.984599416409078e-01,2.988878913365463e-01,2.924202495227907e-01,3.679817051515724e-01
6.463305008500608e-01,6.953056969867608e-01,5.155108450396639e-01,6.304108248924607e-01
4.736378933595760e-01,4.636228813299266e-01,5.601822956849440e-01,5.070053625686143e-01
6.336473594676000e-01,7.402885005199582e-01,6.216584803061759e-01,5.882503547527376e-01
5.282864516124539e-01,4.435749092439254e-01,5.516960308745600e-01,4.416223263523806e-01
4.868316858127709e-01,4.567643207523234e-01,2.961436104104687e-01,3.383877078747948e-01
1.149513057831116e-01,2.074098647423696e-01,1.104689672365745e-01,1.754727933568419e-01
6.665964711893209e-01,7.129440546063708e-01,5.626850052638961e-01,5.717858559616984e-01
5.929313845662874e-01,6.445976939285654e-01,7.245930765877286e-01,4.587243180733563e-01
5.420759523826788e-01,3.001249759514171e-01,6.417272531296878e-01,6.300109655661913e-01
5.701771148766763e-01,6.339411388897601e-01,4.958543091020961e-01,8.247557276468269e-01
5.233788582913761e-01,4.690319262250590e-01,5.357693906847372e-01,5.675388954828615e-01
4.791896273058037e-01,7.176582226992418e-01,5.324185072386551e-01,7.120683776326298e-01
4.738875371613782e-01,5.479955084288255e-01,4.809658929435950e-01,4.973773914783897e-01
3.335850098685783e-01,4.061940381997338e-01,4.724051291194399e-01,5.899175814944646e-01
4.560840960686539e-01,5.227333763051393e-01,4.307052442479554e-01,3.426494027126719e-01
3.194654538689266e-01,3.022672449685936e-01,3.686953965194338e-01,2.714972435324836e-01
2.398148764243968e-01,2.227014108498898e-01,4.097167078389223e-01,3.137703672676922e-01
2.745972458784739e-01,3.027613020003695e-01,2.723443394743887e-01,2.295850221206601e-01
5.920907653621967e-01,7.474407406969817e-01,5.063846182993768e-01,6.500774910005097e-01
2.764480700399357e-01,3.204872751064837e-01,2.307791986990624e-01,2.297104708559223e-01
3.237611149302587e-01,8.519796436827601e-02,2.781224107334008e-01,1.988114934409208e-01
8.411090156568306e-01,7.637358119217084e-01,8.184032912566557e-01,8.021877724584634e-01
1.785037872619806e-01,5.514383324210557e-01,3.561316898722507e-01,4.574235165503118e-01
5.233017307038337e-01,5.377459993271247e-01,4.077822363065928e-01,3.777382976581748e-01
4.975407146368929e-01,3.779277888979862e-01,3.930409513756512e-01,2.601745649124156e-01
3.855048864948154e-01,3.101417710520663e-01,2.911704524990676e-01,4.167649969520464e-01
4.721722064252620e-01,3.880293619462863e-01,5.743258626474816e-01,5.086999205976784e-01
7.117118262477962e-01,4.503301920764292e-01,4.570560967503716e-01,5.131210193512497e-01
3.654452665451229e-01,4.528368265869330e-01,3.324188120406601e-01,3.617631494604320e-01
4.096376391739229e-01,6.183542370339826e-01,4.221793020479279e-01,3.782380194045203e-01
4.248153619988391e-01,2.645426143653956e-01,5.255166084388825e-01,5.564182477704291e-01
6.684223325139075e-01,4.641401574520022e-01,5.756511087273450e-01,7.474734750439826e-01
4.528624285754543e-01,4.894825104581488e-01,3.055186236832764e-01,2.649119653009131e-01
4.892104587870529e-01,4.498370943956810e-01,6.369656532389473e-01,6.236338761528200e-01
8.487501963987241e-01,7.391536293297720e-01,7.935795550506457e-01,7.901467373430107e-01
4.873565338072816e-01,4.051355912459941e-01,5.423815877245988e-01,6.286102807745105e-01
4.302256834136310e-01,3.917152245464436e-01,6.705348788331211e-01,5.960575355748697e-01
3.861269933004521e-01,5.628582044655994e-01,4.400045345212056e-01,3.798053327212169e-01
4.670541871327025e-01,7.174877819856422e-01,4.417352241601770e-01,6.966528327399717e-01
5.398754279472466e-01,4.732646932785007e-01,5.572984277580990e-01,5.832280656425326e-01
2.804627956939397e-01,3.072208219464950e-01,2.832859582444787e-01,2.550142998842695e-01
2.602295454303059e-01,4.622981390863122e-01,3.213603948329430e-01,4.889133986027412e-01
7.018668133676699e-01,2.988782320313317e-01,6.735521954369924e-01,5.747955910220175e-01
5.255723179045508e-01,5.245055143183905e-01,6.478958043998679e-01,4.636873136177121e-01
4.005953037428950e-01,4.311274507067974e-01,3.347427586182059e-01,5.466312600503931e-01
3.878321224973081e-01,3.522088807483433e-01,4.893921224478858e-01,4.343474893492560e-01
5.657214938647331e-01,3.709441808279801e-01,2.823370234303803e-01,7.309513240413417e-01
3.486116057164316e-01,3.875163476699430e-01,3.516842212038402e-01,3.675993333699200e-01
7.663963344562281e-01,4.758341097744214e-01,6.223525755398105e-01,5.469143246840562e-01
4.630075748390667e-01,2.503827084462538e-01,4.239713916240370e-01,3.384084039116432e-01
2.950595698889075e-01,2.674805479511932e-01,4.164956005244801e-01,2.583144159249399e-01
7.859782216720630e-01,7.115132933808929e-01,7.265543415363576e-01,7.612819385517500e-01
5.714928376821338e-01,7.504682389039072e-01,4.211430608472362e-01,4.705303997334684e-01
5.431040015637680e-01,5.132451006860710e-01,5.087677697147501e-01,6.931698259457115e-01
5.228037125706235e-01,4.449375775820770e-01,3.859458487363626e-01,6.430200001804807e-01
5.780434161279560e-01,5.161507822770790e-01,6.216628238793873e-01,4.078665289385038e-01
5.418475005979946e-01,7.864544112597722e-01,6.199841777479584e-01,7.264082038870716e-01
5.826671956218987e-01,5.619781567879443e-01,5.949497325190385e-01,6.179949028099169e-01
7.261679740281792e-01,6.408147114511835e-01,6.179147491763304e-01,6.498673142653497e-01
4.021317045121917e-01,2.861398335091728e-01,4.431013434989743e-01,3.891924385284055e-01
2.598230692074476e-01,4.174790106885502e-01,3.082575691057681e-01,2.895147078275505e-01
6.033945792241455e-01,3.873616489818301e-01,6.575667701786624e-01,3.221016383343768e-01
4.195532151242477e-01,5.801839708869555e-01,3.448716741125669e-01,7.649872470823493e-01
3.609765168976488e-01,3.068269844977446e-01,4.554228867177458e-01,3.810360022025157e-01
4.574481315580500e-01,4.750717923801490e-01,6.274709751445685e-01,6.077498655573834e-01
1.008507429211162e-01,1.522059855254736e-01,1.740553448710401e-01,1.566051148207531e-01
7.503995596811336e-01,6.708773083603499e-01,4.436281117711554e-01,7.614723385334784e-01
2.287999248832262e-01,2.939195449756833e-01,2.158002117145359e-01,2.528165351069509e-01
3.543073047384099e-01,3.928412297036010e-01,2.298090955414442e-01,4.324536259430958e-01
2.888545268379243e-01,5.764772175429718e-01,5.034458582050028e-01,5.086862875966371e-01
3.968920335403228e-01,2.806928459705713e-01,1.663604872568315e-01,2.521785251596341e-01
4.245435516262818e-01,3.940718891738905e-01,5.032769818947370e-01,4.713392283957498e-01
6.757126166221072e-01,7.121611555441282e-01,6.246151419694732e-01,6.367764672085432e-01
2.638142481263073e-01,5.595387195142776e-01,3.862267987464066e-01,4.943210358899910e-01
3.780193345647965e-01,4.211869290246700e-01,2.893438468056598e-01,4.752166245419711e-01
5.531760474957724e-01,3.288715464166440e-01,6.038075827198065e-01,5.064634517200611e-01
2.710047070791284e-01,3.146628845447694e-01,1.948015147863244e-01,3.429865242626199e-01
6.317660642688482e-01,5.748687564861690e-01,5.273292451787669e-01,5.260157987696977e-01
2.799628350378667e-01,3.516050977209821e-01,4.650195225103100e-01,2.474778497366305e-01
5.327410413000639e-01,4.414223878316693e-01,7.273325608939405e-01,3.909157232263618e-01
4.133950283731048e-01,4.551679134078320e-01,2.011709201842296e-01,3.547220631234219e-01
7.100773234004708e-01,6.271132700606177e-01,6.119391895889819e-01,6.230297827359038e-01
3.834193236357155e-01,6.377257100970426e-01,4.164631574645282e-01,6.656631018390142e-01
5.100717275675396e-01,3.773276642428230e-01,3.255906432378920e-01,5.602000864781984e-01
6.624272702943956e-01,6.549214768321058e-01,5.630393525782806e-01,4.263728592996243e-01
5.041338469972707e-01,4.410888473748122e-01,3.588892861912941e-01,5.048006239292058e-01
4.883335072355875e-01,6.777213334635055e-01,7.278151043336035e-01,4.007072443599821e-01
3.874265831721037e-01,4.257308405709269e-01,2.625848587351766e-01,3.436557009514659e-01
7.035165358016083e-01,5.483284477785503e-01,2.819518811664221e-01,5.051449712561409e-01
3.481097108658409e-01,2.313968889803362e-01,3.070321361769079e-01,2.707565041394588e-01
4.467983374360595e-01,4.656491665331416e-01,2.222858755212322e-01,4.152980676174851e-01
1.936966469633374e-01,3.125339201995848e-01,2.052346560101860e-01,3.419181174451778e-01
7.801069092017181e-01,7.689407918063880e-01,6.946460958783176e-01,5.878846589005320e-01
6.487489974829983e-01,7.577046528283087e-01,4.751963488946906e-01,7.045501815304660e-01
5.955989865689191e-01,6.248143399753229e-01,5.419258066932394e-01,5.296050647431798e-01
3.607910486404917e-01,1.945499046919065e-01,4.659657550858161e-01,3.347023764789059e-01
2.796936246807197e-01,1.833023878584355e-01,3.326368941537961e-01,3.575247545816633e-01
5.419774803358270e-01,5.536948669362561e-01,4.036560500651381e-01,3.266892254176960e-01
9.032142653178031e-01,8.053604986919527e-01,9.129098016861359e-01,7.477665562429195e-01
6.149247415228210e-01,5.875435327293210e-01,7.119263433607670e-01,5.324717193394579e-01
7.697729167764761e-01,7.262640480276223e-01,7.747249229485729e-01,7.309308804344478e-01
7.266909773299549e-01,7.940471034807800e-01,7.521265066674440e-01,8.485277576342870e-01
5.847009985426888e-01,5.788408773793545e-01,7.184479857337714e-01,7.456764043402031e-01
4.905655980481642e-01,4.239201617343078e-01,6.486057229652133e-01,5.774681859704809e-01
3.544480207875754e-01,4.737094265771724e-01,3.519202028569854e-01,2.716073725513412e-01
7.646990817405919e-01,5.933117599862043e-01,7.025634741764788e-01,5.310622568710550e-01
5.298201130950975e-01,5.085061576754967e-01,5.985065346760271e-01,5.066932858605597e-01
4.709724131592786e-01,4.167895253381703e-01,4.157332302446114e-01,8.574107322098364e-01
7.279017386908671e-01,5.850344044722244e-01,6.981636824265405e-01,7.909896130919005e-01
7.335989539224452e-01,4.500192490647597e-01,7.427181944089393e-01,6.449782143420846e-01
3.554389136598534e-01,3.626802685475581e-01,4.351928203317093e-01,2.512181535873721e-01
2.681602167019816e-01,3.963500083546234e-01,5.382262874204924e-01,4.352978212949447e-01
4.830781402029546e-01,3.481481867767042e-01,3.670480436652715e-01,4.213260108801170e-01
5.779056641035057e-01,6.937527717641612e-01,3.325572614095823e-01,6.463420351421214e-01
5.008757172786666e-01,5.695206751768823e-01,5.884796860108563e-01,7.004565115991805e-01
5.460982627865758e-01,4.484411890183136e-01,6.728199020636263e-01,6.523833947941939e-01
5.169071790623349e-01,3.896463403057472e-01,5.620550863937295e-01,6.663489010880651e-01
6.594348812694993e-01,5.003121728829178e-01,5.032821541871167e-01,4.657435049643919e-01
3.337390298451247e-01,7.021186088689114e-01,3.751634722863415e-01,6.717173006509595e-01
4.603953152261234e-01,6.764223279973722e-01,1.974964049936561e-01,6.370987971911191e-01
6.052273314492279e-01,7.601094472962644e-01,6.852590784580905e-01,6.251629147094308e-01
7.677762006312618e-01,7.964001682992514e-01,6.939900815361868e-01,6.955709737326469e-01
3.720815877956153e-01,3.576868097676393e-01,3.437161588613580e-01,3.493656172046722e-01
3.952142985038700e-01,3.835743347198604e-01,5.816619730551613e-01,5.918213832455992e-01
4.618331784791124e-01,3.058488648052961e-01,4.035624597766446e-01,5.287927256741279e-01
7.643196134281236e-01,7.030887194651401e-01,6.468768743503585e-01,4.948535290757048e-01
5.323271170602607e-01,5.384917313896778e-01,5.317089705414384e-01,6.450884195503453e-01
1.359466222048151e-01,5.328050259322483e-01,2.536311283014456e-01,6.232713530525178e-01
1.644935645926166e-01,2.751938609636646e-01,1.954483235345234e-01,1.904250739108899e-01
5.836081937513551e-01,4.259891913370806e-01,3.971762672101265e-01,4.217224973626885e-01
5.530115327928231e-01,5.051362370103070e-01,2.524553108988459e-01,5.782079585189432e-01
4.510920503340433e-01,6.515379017872598e-01,5.490196392610178e-01,6.748502518083360e-01
7.020560285857788e-01,5.592409906280922e-01,5.924462866911508e-01,5.760991845323452e-01
4.974687978193839e-01,6.366319482958624e-01,4.727506735451554e-01,7.369208065129229e-01
6.463972143594878e-01,4.559975469097752e-01,6.875120732192157e-01,5.132817066254736e-01
4.666084685588151e-01,4.974397006025856e-01,3.716035017537698e-01,5.007551489966928e-01
6.551876858731647e-01,7.699208267869009e-01,5.429714943282641e-01,7.161679569264334e-01
3.380409675379866e-01,3.061214431535313e-01,2.638501567473261e-01,3.408643065464972e-01
6.818463012201390e-01,6.133454210342949e-01,6.418125309083034e-01,5.491082224588291e-01
3.922347726327365e-01,3.339857316965686e-01,4.415544203278952e-01,4.079116142028552e-01
6.816802571800563e-01,3.177655920549157e-01,2.514542393229982e-01,4.219755712956577e-01
3.694148315414445e-01,4.064450202018333e-01,5.518749062117014e-01,4.313445622890832e-01
6.003820602044948e-01,5.115966674169650e-01,6.014562801309860e-01,7.071287708177386e-01
5.830320733483083e-01,4.301675303982061e-01,4.220817921461598e-01,5.069219181239937e-01
5.274638361695296e-01,3.506706780898655e-01,4.033844015709980e-01,4.129586067730657e-01
4.620122186428249e-01,3.014360287043129e-01,5.197626989099242e-01,6.343085001669228e-01
4.491102940181425e-01,7.613091519549864e-01,4.943653194134089e-01,5.273842151300344e-01
7.036775212599512e-01,5.825757437638299e-01,5.678565747240334e-01,5.970734767601132e-01
5.772206915508935e-01,3.707569927880871e-01,4.331654815994411e-01,4.009183847263224e-01
2.950628353875663e-01,2.556486406943990e-01,2.285552019587102e-01,2.360449943187089e-01
4.623277372469029e-01,3.933100589506788e-01,5.018702514552414e-01,4.001367014808590e-01
5.680655243373760e-01,7.175507409105454e-01,6.385257498306613e-01,7.251719319439902e-01
7.204581741061580e-01,6.965619725159211e-01,6.922374216537539e-01,5.445617774320877e-01
2.871537664114071e-01,2.911719604555548e-01,3.373788812401231e-01,3.915671370919136e-01
4.171009647483090e-01,5.214480977863380e-01,3.896636092664859e-01,2.869812105111173e-01
1.707421112143042e-01,2.613579884007371e-01,2.948136424512970e-01,2.835216123687493e-01
2.469384434506701e-01,6.578267073697884e-01,5.608834192754445e-01,6.061720610951478e-01
4.289783444141543e-01,2.949149203927598e-01,3.717408120331252e-01,1.904159067573446e-01
7.211971387603575e-01,6.925717944477834e-01,6.164846580805353e-01,7.821117938620310e-01
5.105974833136755e-01,5.088027585484144e-01,4.253649051644603e-01,5.211010773321771e-01
4.838464260687505e-01,4.270059063502905e-01,5.030485557022382e-01,4.027761526794884e-01
8.353797582346612e-02,3.482638436918288e-01,3.741455591947109e-01,4.869934070691188e-01
3.598331365956280e-01,3.854761404809539e-01,2.915767119889135e-01,2.097682016381046e-01
4.533672855746421e-01,5.169683779919703e-01,4.012298491767380e-01,4.829146154585292e-01
6.344493443501461e-01,6.546866872653962e-01,6.904654194385643e-01,5.825946810033313e-01
3.462110714059608e-01,2.566395918870992e-01,2.863401072820352e-01,2.781386679992046e-01
4.049899139950236e-01,6.733495980075637e-01,6.033479085104152e-01,5.618784919588795e-01
5.130434621225699e-01,6.285627724048973e-01,5.644561248744665e-01,6.599936141083504e-01
3.140365755569433e-01,3.390632707402840e-01,3.557138846610548e-01,4.135569889618032e-01
3.143622977246579e-01,3.715859884557617e-01,2.301358745469206e-01,4.129036608968028e-01
7.720027230211228e-01,5.152732506399418e-01,5.899922742238632e-01,5.076530110754205e-01
3.323150062671035e-01,2.706848628511918e-01,3.207881934130439e-01,2.770149506149584e-01
5.599186702393906e-01,4.991399968979006e-01,5.849836319483362e-01,5.494033313760232e-01
3.189146709088677e-01,2.842192903320286e-01,4.044939735959715e-01,4.065196523833853e-01
5.876354777633315e-01,5.314606161463526e-01,6.218338188049004e-01,7.316382814217034e-01
8.008251589283284e-01,3.982500036732412e-01,6.985951312192413e-01,5.281867506682456e-01
4.427033165516464e-01,3.259904804463279e-01,3.743399665085717e-01,4.196132795514727e-01
6.743265408891169e-01,6.898196882080156e-01,7.665581106796084e-01,5.742624175324007e-01
5.933783278754936e-01,6.954550389548717e-01,6.458723683122498e-01,6.823550461355954e-01
6.835822684313839e-01,6.303768061447188e-01,7.414933722348458e-01,7.217307132711079e-01
5.807192150897930e-01,8.103017736399314e-01,7.030728871065408e-01,6.977735022346235e-01
3.022089197558094e-01,1.332569378891116e-01,4.602393743156376e-01,1.271761115451971e-01
3.628399060332149e-01,4.488174116512217e-01,3.499267363920095e-01,3.625359919934553e-01
4.901747414430017e-01,7.004057919986711e-01,6.468377422377081e-01,8.077517315220752e-01
5.892773439897225e-01,3.307494861046394e-01,5.634076465196709e-01,3.600793091745303e-01
2.748814481745284e-01,3.396443294447021e-01,3.885954692159873e-01,1.866652400464679e-01
6.761089922540184e-01,1.887700895623582e-01,4.635266953703105e-01,5.545732232117265e-01
7.684522123888370e-01,6.236379762865983e-01,7.661708601500158e-01,6.620611121656071e-01
4.794794121475988e-01,3.809322674673108e-01,5.986651997226911e-01,3.529028423408108e-01
2.536451878691610e-01,5.045706954011520e-01,2.531772972037327e-01,4.256565299212579e-01
7.690824827664302e-01,7.807151935303315e-01,7.479109730447071e-01,7.874302695301219e-01
5.970213608129995e-01,7.146913561307251e-01,5.305042289356581e-01,6.137676877488895e-01
5.864331670311209e-01,6.154353698182373e-01,6.244537536702632e-01,5.858478776846912e-01
7.013464161755916e-01,6.250040182076076e-01,4.877574506940737e-01,2.871255386573848e-01
5.274021461347627e-01,6.463244453256425e-01,5.684963410113341e-01,5.722766978018132e-01
4.078838558383410e-01,2.396454822489973e-01,4.352837803796956e-01,2.254728416728058e-01
3.114096372706626e-01,5.798984320051651e-01,3.460604565840177e-01,3.648041006030001e-01
6.730575878704996e-01,8.064469334902655e-01,8.439435552704502e-01,6.938744692479897e-01
3.222772279901998e-01,3.930237267564370e-01,3.915155510803330e-01,3.116086538967260e-01
6.618031029531721e-01,3.928257692736699e-01,4.592290031731741e-01,5.206986736585388e-01
5.412570696530765e-01,4.808929679746065e-01,4.628879359707317e-01,6.286325711533516e-01
5.732451851199116e-01,6.291196235130523e-01,6.084510810634145e-01,5.883326794661601e-01
4.013142745823007e-01,6.681837115823117e-01,7.102933539642874e-01,5.927874914341419e-01
7.940344295040270e-01,5.371284393719473e-01,7.465010361524853e-01,5.711433182285939e-01
4.203562269752105e-01,5.712750288182038e-01,7.283765244324384e-01,5.732128880105094e-01
6.100708164826114e-01,5.793311404846238e-01,4.831890050187340e-01,5.828772497354122e-01
2.045315931073178e-01,3.316127405951467e-01,3.689358563841558e-01,2.382888359965852e-01
5.618684857186895e-01,4.608418624562866e-01,6.249175653356822e-01,5.849567651655936e-01
3.669728960987367e-01,5.542097606111237e-01,3.999831900471468e-01,5.834880548985242e-01
2.564537389241394e-01,2.733222797683667e-01,3.009545314916631e-01,2.120076555889991e-01
8.284027504521722e-01,8.181208624560493e-01,8.055362527016980e-01,8.210531356552307e-01
5.090117753986663e-01,4.060803038696488e-01,5.753792963260199e-01,4.818731812161596e-01
1.317681295957628e-01,2.132932870885774e-01,1.552758801044461e-01,1.400770825808740e-01
6.211252394121722e-01,5.942580073863262e-01,5.922735210260428e-01,6.816180932286848e-01
2.865824867430917e-01,2.546213207079416e-01,3.018712669713867e-01,2.254327469086171e-01
4.380231907299538e-01,6.733329516512966e-01,4.486915188930139e-01,7.269665825180192e-01
3.107679397497415e-01,3.292452828362018e-01,3.933676941224008e-01,2.084055633541977e-01
2.411311980579596e-01,5.873316028493929e-01,3.588764574827241e-01,8.197769443439227e-01
5.523081951416234e-01,7.134498554878637e-01,4.912440154797837e-01,3.525320657704306e-01
3.869871595179333e-01,4.181768806405184e-01,4.397426662849167e-01,3.587448192904621e-01
4.622344977191030e-01,5.418288933963278e-01,3.514031733967625e-01,3.432905464424215e-01
6.415381963598055e-01,5.488193025617456e-01,4.913800573770922e-01,3.502400860437945e-01
2.229204554137408e-01,5.097774273140943e-01,3.708336805766846e-01,3.735198402911047e-01
