8.401877171547095e-01,3.943829268190930e-01,7.830992237586059e-01,7.984400334760733e-01,9.116473579367843e-01
1.975513692933840e-01,3.352227557148890e-01,7.682295948119040e-01,2.777747108031878e-01,5.539699557954305e-01
4.773970518621602e-01,6.288709247619244e-01,3.647844727918433e-01,5.134009101956155e-01,9.522297251747128e-01
9.161950680037007e-01,6.357117279599009e-01,7.172969294326831e-01,1.416025553558034e-01,6.069688762570586e-01
1.630057162432958e-02,2.428867706297370e-01,1.372315767860187e-01,8.041767542269904e-01,1.566790892540846e-01
4.009443942461835e-01,1.297904467814557e-01,1.088088020257693e-01,9.989245180035590e-01,2.182569053109069e-01
5.129323944043984e-01,8.391122346926072e-01,6.126398325956612e-01,2.960316176973430e-01,6.375522677030192e-01
5.242871900667843e-01,4.935829869907270e-01,9.727750238835695e-01,2.925167844130270e-01,7.713576977939148e-01
5.267449792133388e-01,7.699138362751873e-01,4.002286220901779e-01,8.915294520051822e-01,2.833147460051415e-01
3.524583472648907e-01,8.077245200088827e-01,9.190264739650424e-01,6.975527623191256e-02,9.493270753646861e-01
5.259953502221011e-01,8.605584785624214e-02,1.922138459944231e-01,6.632269270081198e-01,8.902326025488938e-01
3.488929352485076e-01,6.417132078864207e-02,2.002304886468828e-02,4.577017372742769e-01,6.309583832653977e-02
2.382799541755952e-01,9.706341316786754e-01,9.022080734848082e-01,8.509197867712563e-01,2.666657493760184e-01
5.397603407221662e-01,3.752069763723793e-01,7.602487363667454e-01,5.125353641400744e-01,6.677237607854063e-01
5.316064341606602e-01,3.928034335341320e-02,4.376375965949323e-01,9.318350562508382e-01,9.308097953585953e-01
7.209523430657351e-01,2.842934030500676e-01,7.385343149018168e-01,6.399788165651163e-01,3.540486797476414e-01
6.878613902665029e-01,1.659741663215561e-01,4.401045276038835e-01,8.800752362609260e-01,8.292010933296760e-01
3.303371296871161e-01,2.289681710437723e-01,8.933724145839793e-01,3.503601785518043e-01,6.866699083180492e-01
9.564682529105192e-01,5.886401331930609e-01,6.573040395310633e-01,8.586763259296661e-01,4.395599194986559e-01
9.239697889070817e-01,3.984366666518322e-01,8.147668963366965e-01,6.842185252738271e-01,9.109720307919067e-01
4.824906566564416e-01,2.158249589688261e-01,9.502523741453198e-01,9.201282537170352e-01,1.476600147540029e-01
8.810621695039152e-01,6.410805963171090e-01,4.319534182697318e-01,6.195964839400707e-01,2.810594124165640e-01
7.860020980173732e-01,3.074578737409124e-01,4.470335792037815e-01,2.261066251555954e-01,1.875331095361771e-01
2.762346720677962e-01,5.564437553083728e-01,4.165012805799494e-01,1.696070861861143e-01,9.068039338601771e-01
1.031711884323373e-01,1.260753390966334e-01,4.954440665875767e-01,7.604752284290619e-01,9.847516650262995e-01
9.350039865518939e-01,6.844450168704823e-01,3.831883312124705e-01,7.497708824229291e-01,3.686635416786482e-01
2.941603620043771e-01,2.322615386137094e-01,5.844885006474743e-01,2.444127356840357e-01,1.523897918650833e-01
7.321485158671385e-01,1.254749047222896e-01,7.934703881821923e-01,1.641019336712090e-01,7.450713891280216e-01
7.452980059875632e-02,9.501040316885822e-01,5.252926240327268e-02,5.215633798025378e-01,1.762106563785163e-01
2.400623724051110e-01,7.977980518703340e-01,7.326544116868891e-01,6.565636529850605e-01,9.674051385221095e-01
6.394583455470663e-01,7.597348418830591e-01,9.348047715308166e-02,1.349024116689816e-01,5.202100698464597e-01
7.823214171371988e-02,6.990639775521419e-02,2.046550862512808e-01,4.614204733918516e-01,8.196772801781433e-01
5.733186283955903e-01,7.555808353962288e-01,5.193881879185271e-02,1.578071285774033e-01,9.999935710802644e-01
2.043286106569360e-01,8.899556444445419e-01,1.254684758025540e-01,9.977989993047895e-01,5.405757765008955e-02
8.705398649305757e-01,7.232879943788462e-02,4.161608873010431e-03,9.230691273338484e-01,5.938921792404224e-01
1.803722657171880e-01,1.631314992732981e-01,3.916902306450951e-01,9.130266774040771e-01,8.196951527240198e-01
3.590953687015433e-01,5.524850224854820e-01,5.794299941414176e-01,4.525758458546250e-01,6.873874346201250e-01
9.964006352221597e-02,5.308079880340062e-01,7.572938323753392e-01,3.042951497734968e-01,9.922284614258579e-01
5.769711125534824e-01,8.776137781690870e-01,7.478092963564253e-01,6.289099313453351e-01,3.542090674649035e-02
7.478028669710285e-01,8.332385420022712e-01,9.253765511910322e-01,8.732713427735824e-01,8.310375408413995e-01
9.794341293067830e-01,7.438112072384968e-01,9.033663402792841e-01,9.835957381797935e-01,6.668803345723452e-01
4.972585190540452e-01,1.639680034313202e-01,8.300118338456433e-01,8.889487501648016e-01,7.699468083539730e-02
6.497069861040018e-01,2.480441184006837e-01,6.294797033208793e-01,2.291369797797580e-01,7.006199647209700e-01
3.168671374753430e-01,3.287770433019740e-01,2.314279522893149e-01,7.416096985068217e-02,6.330721935411320e-01
2.236564132495115e-01,6.511320824041646e-01,5.106859712445577e-01,9.714657096059368e-01,2.800420132838385e-01
5.461068779910481e-01,7.192685761113039e-01,1.132805548204484e-01,4.714834291820803e-01,5.925399188848864e-01
9.443180961275092e-01,4.509175580232020e-01,3.363511256577220e-01,8.476844359411320e-01,4.345132957373342e-01
3.231459764405834e-03,3.449429549951772e-01,5.984812996343157e-01,8.332432940757104e-01,2.338917046943175e-01
6.754759804697130e-01,4.829502797140509e-01,4.819358230950012e-01,3.049556833249311e-01,7.120872599594701e-01
1.825557873503099e-01,6.218228212659354e-01,4.086430279578283e-02,4.139837396396248e-01,6.959837911166176e-01
6.739364963369149e-01,6.376401528891363e-01,3.471158730551209e-01,1.846224675814726e-01,6.091058620294117e-01
6.271578863389594e-01,7.307293455725207e-01,3.283744381407157e-01,7.404384411594078e-01,2.022127742889397e-01
9.209143570256021e-01,6.847565368212557e-01,6.531303323121417e-01,2.572654822176627e-01,5.324409727623877e-01
8.764362804947590e-02,2.604969424477299e-01,8.773839277575649e-01,6.861249276837916e-01,9.374023605777893e-02
1.112756319862211e-01,3.616009076878433e-01,5.766905157718297e-01,5.932114550812223e-01,6.665565910127743e-01
2.887777752656386e-01,7.757672428971936e-01,2.883794118130484e-01,3.296420785270827e-01,1.897509820711571e-01
9.843632029296659e-01,3.578574398336268e-03,8.273911354259547e-01,3.314790755191255e-01,1.882010419798089e-01
4.364969969897051e-01,9.586369618580849e-01,9.189303880179908e-01,7.648714351304208e-01,6.990754030174927e-01
1.211431618412692e-01,6.857857916903616e-01,3.838319393730871e-01,7.742734946190721e-01,9.430512743736856e-01
9.162729121354748e-01,8.619171226685480e-01,2.035482163557542e-01,7.936568394273784e-01,5.480420498866784e-01
2.972884524135331e-01,9.049324714135996e-01,9.096429575745216e-01,8.739789681853628e-01,4.981439264948219e-01
5.761995481216347e-01,1.627567434510015e-01,2.739111689263541e-01,8.645789604003443e-01,4.923988219780842e-01
4.636621509975112e-01,8.489421628643490e-01,4.959773963764205e-01,2.910532859578046e-01,1.804212383834744e-01
6.841784388218906e-01,7.275502834131710e-01,1.390581997758980e-01,6.031088263742201e-01,4.924217180779305e-01
8.381336027933907e-01,7.242519882154893e-01,1.782075097682921e-01,2.219655421664778e-01,4.985254823689002e-01
1.212587836763164e-01,1.382384538362913e-01,3.604426045717870e-01,3.248070000320706e-01,9.318952937293310e-01
9.084846544584654e-01,6.220954524456036e-01,8.368277646772693e-01,8.181276115673257e-01,4.960744201653052e-01
3.349716907064298e-01,3.943271596889604e-01,6.588311636163067e-01,6.088828596327840e-01,2.589061196236434e-01
1.512299851287296e-01,7.254501063029516e-02,1.078482820223310e-01,6.472073819708114e-01,3.635982965880997e-01
2.882695204058054e-01,3.313858203270407e-01,9.114857953560938e-02,4.273277206473647e-01,9.344946467012608e-01
5.835702980792011e-01,2.654613229750941e-01,6.587466344510888e-01,7.617778078474933e-01,4.874268651415719e-01
1.572721168199890e-01,8.830365915238096e-01,6.256653194435245e-01,5.177147213917760e-01,2.078435910902189e-01
5.575606127071943e-01,4.261993758502413e-01,8.299390435358226e-01,3.943883769188022e-01,2.443269869519058e-01
3.260134632354665e-01,7.293600680908934e-01,6.386541466408662e-01,9.848446273174345e-01,3.382429272580160e-01
8.975602662645096e-01,1.360746119805028e-01,4.107879378883112e-01,5.408548286840575e-03,7.832819939513141e-01
7.743862349420721e-01,2.936780686926460e-01,1.146678138126935e-01,8.655348144776815e-01,7.210057893400107e-01
4.916246004829298e-02,4.491051120912214e-01,9.864671127807662e-01,7.079090949650431e-01,2.108829194730534e-01
4.738939774566768e-01,8.651812117850320e-01,9.391951053120173e-02,9.955929643453998e-02,3.828959327111467e-01
3.017631016214206e-01,6.571199091417342e-01,8.090953085613881e-01,1.317021446915819e-01,5.150828606053642e-02
5.342229551329385e-02,4.577156083927097e-01,7.808683541514297e-01,6.920764421541600e-01,4.425602352444828e-01
1.191112809437845e-01,5.896367084186696e-01,5.786348472249856e-01,5.298992192977570e-01,5.950452567055101e-01
3.619168411762998e-01,3.042854537741679e-01,8.887233253981561e-01,4.765846549889933e-01,1.698202677861882e-01
6.097291147381668e-01,5.257471155029475e-01,6.189253803430709e-01,5.961962270532717e-01,2.336562100023293e-01
8.298082998161243e-01,7.009020404428719e-02,9.883742132170006e-02,9.237278108129873e-01,1.696495009444884e-01
4.817333540328468e-01,2.254909119687467e-01,8.267694100862226e-01,2.908286625942349e-01,3.571930571259899e-01
8.782776961467591e-01,3.442509581075287e-01,8.149086655186996e-01,6.591460498325276e-01,3.632739979602741e-02
2.574689002975211e-01,7.782573312419734e-01,6.259641082146969e-01,8.361037475225067e-01,3.081565500740691e-01
2.210093644545457e-01,1.980205882331452e-01,6.124420038482370e-01,1.097326898527018e-01,6.746052436877997e-01
7.822622716344252e-01,7.194618045908687e-01,2.003523587250860e-01,4.011876515118348e-01,3.156580311784791e-01
4.340085687274153e-01,2.309959513279591e-01,3.857482352227663e-01,5.328459900491154e-01,1.547237616752851e-01
5.553977361672547e-01,1.457934361630089e-02,3.802146736440317e-01,3.821671462534774e-01,3.054080062105358e-01
7.374077307700215e-01,2.604448419345752e-01,6.496589643180645e-01,5.523163958230598e-01,9.195908922327640e-01
6.859863645797531e-01,8.097852961205809e-01,6.978482230090761e-01,3.119504723287888e-01,6.458890436430876e-01
6.004772617483872e-03,5.329598372489959e-01,8.439096318762329e-01,6.184467764657209e-01,6.426925271016977e-01
5.185148750983714e-01,4.007090476344847e-01,3.621543312269050e-01,7.188672338234574e-01,8.018966996119808e-01
6.778123624053841e-01,1.528758020852114e-01,3.289265047427856e-02,6.356059716248913e-02,6.857217921343268e-01
1.876164121495636e-01,6.189583337954051e-01,7.003011362162890e-01,5.678310857935953e-01,1.125479583221245e-03
5.709141961163441e-03,3.052388165636169e-01,2.615703215177964e-01,6.553681067448892e-01,8.575552123866766e-01
1.811612132848991e-01,3.413544708589811e-01,6.673405085072576e-01,8.790094362939752e-01,6.533049431877700e-01
3.132295516846839e-01,8.850142089114591e-01,1.862647799711045e-01,1.571391830952555e-01,5.034609849115186e-01
