Input Set =  [[1.0, 2.0, 12.0, 14.0, 3.0], [2.0, 4.0, 2.0, 17.0, 20.0], [4.0, 7.0, 13.0, 1.0, 17.0], [5.0, 5.0, 1.0, 14.0, 7.0], [5.0, 8.0, 7.0, 20.0, 19.0], [5.0, 9.0, 6.0, 12.0, 9.0]]

Skylines for above set are : 0.0 	[[1.0, 2.0, 12.0, 14.0, 3.0]] 

Input Set =  [[1.0, 1.0, 10.0, 13.0, 44.0], [1.0, 4.0, 9.0, 4.0, 39.0], [1.0, 8.0, 15.0, 10.0, 33.0], [1.0, 9.0, 1.0, 8.0, 41.0], [3.0, 8.0, 10.0, 6.0, 34.0], [4.0, 9.0, 14.0, 11.0, 31.0], [5.0, 2.0, 13.0, 17.0, 39.0]]

Skylines for above set are : 1.0 	[[1.0, 1.0, 10.0, 13.0, 44.0]] 

Input Set =  [[1.0, 1.0, 7.0, 22.0, 21.0], [1.0, 9.0, 14.0, 35.0, 7.0], [3.0, 3.0, 10.0, 35.0, 7.0], [3.0, 8.0, 13.0, 34.0, 19.0], [4.0, 3.0, 9.0, 23.0, 22.0], [4.0, 5.0, 14.0, 36.0, 6.0], [4.0, 5.0, 4.0, 25.0, 16.0], [4.0, 6.0, 11.0, 38.0, 5.0], [4.0, 9.0, 8.0, 38.0, 14.0], [5.0, 1.0, 8.0, 37.0, 20.0], [5.0, 3.0, 11.0, 22.0, 12.0], [5.0, 7.0, 14.0, 28.0, 22.0]]

Skylines for above set are : 2.0 	[[1.0, 1.0, 7.0, 22.0, 21.0]] 

Input Set =  [[1.0, 5.0, 13.0, 29.0, 41.0], [1.0, 8.0, 6.0, 28.0, 32.0], [2.0, 1.0, 11.0, 34.0, 28.0], [2.0, 6.0, 10.0, 37.0, 40.0], [3.0, 2.0, 6.0, 27.0, 29.0], [4.0, 8.0, 14.0, 39.0, 48.0], [4.0, 9.0, 14.0, 23.0, 46.0], [4.0, 9.0, 14.0, 25.0, 33.0]]

Skylines for above set are : 3.0 	[[1.0, 5.0, 13.0, 29.0, 41.0], [2.0, 1.0, 11.0, 34.0, 28.0]] 

Input Set =  [[1.0, 1.0, 27.0, 8.0, 11.0], [1.0, 8.0, 21.0, 5.0, 9.0], [2.0, 5.0, 21.0, 12.0, 4.0], [3.0, 2.0, 20.0, 12.0, 14.0], [3.0, 8.0, 20.0, 4.0, 9.0], [3.0, 9.0, 24.0, 8.0, 24.0], [3.0, 9.0, 26.0, 4.0, 10.0], [5.0, 7.0, 23.0, 16.0, 6.0]]

Skylines for above set are : 4.0 	[[1.0, 1.0, 27.0, 8.0, 11.0]] 

Input Set =  [[1.0, 5.0, 25.0, 7.0, 31.0], [1.0, 6.0, 18.0, 20.0, 48.0], [1.0, 7.0, 29.0, 7.0, 44.0], [2.0, 4.0, 20.0, 19.0, 37.0], [3.0, 1.0, 16.0, 18.0, 34.0], [3.0, 2.0, 19.0, 4.0, 31.0], [4.0, 6.0, 18.0, 1.0, 30.0]]

Skylines for above set are : 5.0 	[[1.0, 5.0, 25.0, 7.0, 31.0], [2.0, 4.0, 20.0, 19.0, 37.0], [3.0, 1.0, 16.0, 18.0, 34.0]] 

Input Set =  [[1.0, 2.0, 17.0, 34.0, 7.0], [1.0, 4.0, 22.0, 29.0, 17.0], [3.0, 9.0, 26.0, 31.0, 3.0], [5.0, 9.0, 28.0, 24.0, 20.0]]

Skylines for above set are : 6.0 	[[1.0, 2.0, 17.0, 34.0, 7.0]] 

Input Set =  [[2.0, 2.0, 18.0, 25.0, 31.0], [2.0, 6.0, 19.0, 36.0, 36.0], [2.0, 9.0, 28.0, 34.0, 48.0], [4.0, 4.0, 21.0, 29.0, 42.0], [4.0, 9.0, 18.0, 37.0, 36.0]]

Skylines for above set are : 7.0 	[[2.0, 2.0, 18.0, 25.0, 31.0]] 

Input Set =  [[1.0, 14.0, 14.0, 1.0, 11.0], [1.0, 15.0, 2.0, 15.0, 25.0], [2.0, 14.0, 5.0, 14.0, 5.0], [3.0, 10.0, 9.0, 2.0, 1.0], [3.0, 11.0, 8.0, 18.0, 9.0]]

Skylines for above set are : 8.0 	[[1.0, 14.0, 14.0, 1.0, 11.0], [3.0, 10.0, 9.0, 2.0, 1.0]] 

Input Set =  [[1.0, 13.0, 14.0, 3.0, 48.0], [2.0, 11.0, 8.0, 3.0, 31.0], [2.0, 17.0, 11.0, 1.0, 40.0], [3.0, 10.0, 12.0, 15.0, 35.0], [4.0, 10.0, 9.0, 4.0, 46.0], [5.0, 11.0, 2.0, 4.0, 42.0], [5.0, 11.0, 9.0, 21.0, 32.0], [5.0, 12.0, 1.0, 1.0, 45.0], [5.0, 18.0, 10.0, 7.0, 40.0]]

Skylines for above set are : 9.0 	[[1.0, 13.0, 14.0, 3.0, 48.0], [2.0, 11.0, 8.0, 3.0, 31.0], [3.0, 10.0, 12.0, 15.0, 35.0]] 

Input Set =  [[2.0, 10.0, 15.0, 36.0, 3.0], [2.0, 12.0, 2.0, 32.0, 1.0], [2.0, 13.0, 2.0, 31.0, 21.0], [4.0, 10.0, 15.0, 22.0, 5.0], [4.0, 17.0, 15.0, 29.0, 5.0]]

Skylines for above set are : 10.0 	[[2.0, 10.0, 15.0, 36.0, 3.0]] 

Input Set =  [[1.0, 13.0, 7.0, 32.0, 40.0], [2.0, 16.0, 8.0, 37.0, 34.0], [2.0, 19.0, 9.0, 37.0, 41.0], [3.0, 12.0, 9.0, 31.0, 33.0], [3.0, 15.0, 2.0, 32.0, 47.0], [3.0, 15.0, 3.0, 28.0, 37.0], [4.0, 15.0, 14.0, 27.0, 44.0], [4.0, 17.0, 14.0, 22.0, 32.0]]

Skylines for above set are : 11.0 	[[1.0, 13.0, 7.0, 32.0, 40.0], [3.0, 12.0, 9.0, 31.0, 33.0]] 

Input Set =  [[1.0, 10.0, 24.0, 14.0, 4.0], [1.0, 19.0, 16.0, 1.0, 6.0], [2.0, 12.0, 20.0, 6.0, 18.0], [2.0, 16.0, 23.0, 10.0, 27.0], [2.0, 18.0, 19.0, 21.0, 1.0], [2.0, 19.0, 27.0, 7.0, 3.0], [3.0, 10.0, 23.0, 8.0, 25.0], [3.0, 13.0, 17.0, 16.0, 13.0], [3.0, 16.0, 26.0, 6.0, 18.0], [4.0, 10.0, 23.0, 7.0, 20.0], [4.0, 14.0, 23.0, 12.0, 16.0], [4.0, 15.0, 24.0, 16.0, 21.0], [5.0, 10.0, 21.0, 17.0, 13.0], [5.0, 18.0, 27.0, 14.0, 26.0]]

Skylines for above set are : 12.0 	[[1.0, 10.0, 24.0, 14.0, 4.0]] 

Input Set =  [[2.0, 14.0, 22.0, 7.0, 37.0], [2.0, 17.0, 21.0, 14.0, 48.0], [3.0, 19.0, 17.0, 10.0, 48.0], [4.0, 13.0, 19.0, 21.0, 46.0], [4.0, 15.0, 27.0, 13.0, 28.0], [5.0, 17.0, 29.0, 9.0, 45.0]]

Skylines for above set are : 13.0 	[[2.0, 14.0, 22.0, 7.0, 37.0], [4.0, 13.0, 19.0, 21.0, 46.0]] 

Input Set =  [[1.0, 10.0, 20.0, 26.0, 9.0], [1.0, 11.0, 23.0, 34.0, 7.0], [1.0, 19.0, 16.0, 28.0, 24.0], [3.0, 15.0, 17.0, 37.0, 21.0], [3.0, 19.0, 21.0, 27.0, 11.0], [5.0, 11.0, 20.0, 24.0, 21.0], [5.0, 12.0, 20.0, 37.0, 17.0], [5.0, 13.0, 28.0, 31.0, 2.0]]

Skylines for above set are : 14.0 	[[1.0, 10.0, 20.0, 26.0, 9.0]] 

Input Set =  [[1.0, 11.0, 24.0, 24.0, 31.0], [1.0, 16.0, 28.0, 33.0, 32.0], [3.0, 16.0, 26.0, 33.0, 40.0], [3.0, 19.0, 17.0, 33.0, 29.0], [4.0, 18.0, 23.0, 38.0, 40.0], [5.0, 18.0, 19.0, 32.0, 34.0]]

Skylines for above set are : 15.0 	[[1.0, 11.0, 24.0, 24.0, 31.0]] 

Input Set =  [[6.0, 6.0, 9.0, 21.0, 27.0], [7.0, 6.0, 15.0, 10.0, 5.0], [8.0, 2.0, 5.0, 10.0, 8.0], [8.0, 5.0, 4.0, 19.0, 6.0], [9.0, 1.0, 11.0, 6.0, 18.0], [9.0, 2.0, 8.0, 9.0, 2.0]]

Skylines for above set are : 16.0 	[[6.0, 6.0, 9.0, 21.0, 27.0], [8.0, 2.0, 5.0, 10.0, 8.0], [9.0, 1.0, 11.0, 6.0, 18.0]] 

Input Set =  [[6.0, 3.0, 14.0, 2.0, 30.0], [6.0, 4.0, 10.0, 6.0, 44.0], [6.0, 6.0, 4.0, 7.0, 43.0], [7.0, 1.0, 1.0, 3.0, 40.0], [8.0, 6.0, 7.0, 11.0, 49.0], [8.0, 9.0, 15.0, 8.0, 43.0]]

Skylines for above set are : 17.0 	[[6.0, 3.0, 14.0, 2.0, 30.0], [7.0, 1.0, 1.0, 3.0, 40.0]] 

Input Set =  [[7.0, 1.0, 4.0, 23.0, 16.0], [7.0, 9.0, 5.0, 36.0, 9.0], [9.0, 1.0, 5.0, 22.0, 1.0], [9.0, 2.0, 6.0, 28.0, 10.0], [9.0, 5.0, 1.0, 25.0, 17.0], [9.0, 6.0, 13.0, 30.0, 19.0], [9.0, 9.0, 8.0, 37.0, 11.0]]

Skylines for above set are : 18.0 	[[7.0, 1.0, 4.0, 23.0, 16.0]] 

Input Set =  [[7.0, 1.0, 6.0, 29.0, 44.0], [7.0, 3.0, 12.0, 29.0, 33.0], [8.0, 6.0, 3.0, 30.0, 35.0], [8.0, 9.0, 8.0, 34.0, 44.0], [9.0, 5.0, 8.0, 35.0, 32.0]]

Skylines for above set are : 19.0 	[[7.0, 1.0, 6.0, 29.0, 44.0]] 

Input Set =  [[6.0, 1.0, 24.0, 7.0, 7.0], [6.0, 2.0, 20.0, 6.0, 7.0], [7.0, 6.0, 18.0, 17.0, 9.0], [8.0, 5.0, 19.0, 13.0, 3.0], [9.0, 8.0, 21.0, 21.0, 18.0]]

Skylines for above set are : 20.0 	[[6.0, 1.0, 24.0, 7.0, 7.0]] 

Input Set =  [[7.0, 3.0, 22.0, 4.0, 35.0], [9.0, 8.0, 23.0, 21.0, 31.0], [9.0, 8.0, 23.0, 5.0, 33.0]]

Skylines for above set are : 21.0 	[[7.0, 3.0, 22.0, 4.0, 35.0]] 

Input Set =  [[6.0, 9.0, 19.0, 33.0, 20.0], [7.0, 9.0, 20.0, 25.0, 27.0], [7.0, 9.0, 21.0, 30.0, 10.0], [9.0, 7.0, 27.0, 22.0, 2.0]]

Skylines for above set are : 22.0 	[[6.0, 9.0, 19.0, 33.0, 20.0], [9.0, 7.0, 27.0, 22.0, 2.0]] 

Input Set =  [[6.0, 8.0, 18.0, 30.0, 33.0], [7.0, 7.0, 17.0, 24.0, 35.0], [7.0, 7.0, 22.0, 28.0, 41.0], [8.0, 5.0, 16.0, 28.0, 39.0], [8.0, 6.0, 22.0, 33.0, 32.0], [8.0, 6.0, 27.0, 38.0, 34.0], [8.0, 9.0, 26.0, 36.0, 33.0], [9.0, 8.0, 19.0, 29.0, 31.0]]

Skylines for above set are : 23.0 	[[6.0, 8.0, 18.0, 30.0, 33.0], [7.0, 7.0, 22.0, 28.0, 41.0], [8.0, 5.0, 16.0, 28.0, 39.0]] 

Input Set =  [[7.0, 15.0, 8.0, 19.0, 12.0], [7.0, 17.0, 12.0, 4.0, 26.0], [7.0, 18.0, 4.0, 8.0, 12.0], [7.0, 18.0, 7.0, 18.0, 15.0], [8.0, 16.0, 10.0, 8.0, 11.0], [9.0, 12.0, 10.0, 8.0, 27.0]]

Skylines for above set are : 24.0 	[[7.0, 15.0, 8.0, 19.0, 12.0], [9.0, 12.0, 10.0, 8.0, 27.0]] 

Input Set =  [[7.0, 10.0, 11.0, 8.0, 35.0], [7.0, 12.0, 14.0, 5.0, 29.0], [7.0, 12.0, 3.0, 2.0, 39.0], [8.0, 16.0, 2.0, 10.0, 28.0], [8.0, 18.0, 10.0, 17.0, 40.0], [8.0, 19.0, 5.0, 3.0, 45.0], [9.0, 18.0, 4.0, 20.0, 47.0]]

Skylines for above set are : 25.0 	[[7.0, 10.0, 11.0, 8.0, 35.0]] 

Input Set =  [[8.0, 11.0, 6.0, 37.0, 31.0], [8.0, 12.0, 12.0, 39.0, 38.0], [8.0, 18.0, 12.0, 39.0, 38.0], [9.0, 18.0, 14.0, 35.0, 39.0]]

Skylines for above set are : 27.0 	[[8.0, 11.0, 6.0, 37.0, 31.0]] 

Input Set =  [[6.0, 12.0, 21.0, 8.0, 8.0], [6.0, 17.0, 20.0, 4.0, 5.0], [7.0, 18.0, 25.0, 15.0, 19.0], [7.0, 18.0, 25.0, 7.0, 1.0], [7.0, 19.0, 21.0, 4.0, 26.0], [8.0, 10.0, 23.0, 18.0, 25.0], [8.0, 12.0, 28.0, 15.0, 10.0], [8.0, 13.0, 21.0, 19.0, 22.0], [8.0, 19.0, 23.0, 2.0, 4.0]]

Skylines for above set are : 28.0 	[[6.0, 12.0, 21.0, 8.0, 8.0], [8.0, 10.0, 23.0, 18.0, 25.0]] 

Input Set =  [[6.0, 18.0, 20.0, 20.0, 39.0]]

Skylines for above set are : 29.0 	[[6.0, 18.0, 20.0, 20.0, 39.0]] 

Input Set =  [[6.0, 14.0, 21.0, 23.0, 12.0], [8.0, 17.0, 20.0, 27.0, 19.0], [9.0, 16.0, 18.0, 37.0, 10.0]]

Skylines for above set are : 30.0 	[[6.0, 14.0, 21.0, 23.0, 12.0]] 

Input Set =  [[6.0, 12.0, 19.0, 33.0, 41.0], [6.0, 16.0, 24.0, 25.0, 39.0], [7.0, 10.0, 21.0, 29.0, 29.0], [7.0, 14.0, 18.0, 24.0, 29.0], [7.0, 15.0, 19.0, 39.0, 41.0], [8.0, 19.0, 19.0, 32.0, 40.0], [9.0, 13.0, 29.0, 38.0, 39.0], [9.0, 15.0, 29.0, 27.0, 49.0]]

Skylines for above set are : 31.0 	[[6.0, 12.0, 19.0, 33.0, 41.0], [7.0, 10.0, 21.0, 29.0, 29.0]] 

