21 71 17 25
40 36 94 60
90 25 39 43
83 97 52 84
20 57 2 41
89 20 73 92
88 55 77 43
9 52 95 26
2 97 8 85
88 87 8 36
57 54 73 66
50 14 13 63
41 25 56 29
78 81 37 49
84 66 22 60
25 31 93 24
22 3 98 18
66 42 95 30
36 56 70 53
52 14 79 29
84 12 92 79
60 63 38 70
68 50 77 30
78 11 36 1
25 92 18 29
64 39 61 94
36 56 94 69
96 50 11 53
36 23 86 100
58 41 16 67
1 80 52 13
7 49 63 78
61 78 80 31
16 87 42 28
70 24 64 83
100 26 6 32
65 48 18 63
6 96 22 46
29 91 39 60
32 8 18 27
52 84 90 31
73 36 23 66
45 12 39 60
4 99 48 92
40 3 65 20
5 87 3 86
24 44 68 71
100 64 55 45
88 10 41 13
17 97 50 2
46 2 19 41
88 44 65 37
27 39 60 81
9 92 82 17
97 18 8 67
95 92 63 5
6 58 90 85
66 51 89 32
52 95 33 28
52 53 66 58
22 36 92 4
92 99 63 33
82 89 71 18
75 87 21 11
43 93 69 67
98 55 24 96
86 39 5 86
82 31 3 70
11 11 72 33
75 63 20 70
57 34 45 26
82 44 78 43
10 82 53 94
82 30 43 5
100 98 51 33
35 31 48 99
50 5 16 33
53 98 51 67
34 71 56 28
52 19 94 28
28 90 71 37
79 20 20 91
25 89 98 66
32 14 26 28
99 25 51 89
51 70 29 70
61 65 4 18
31 15 47 7
74 36 20 55
58 12 43 87
54 2 5 30
84 61 93 75
70 65 96 45
41 68 41 72
42 24 61 7
28 61 54 59
32 8 5 40
36 33 97 22
87 28 40 55
74 30 87 78
16 94 73 40
62 47 60 41
53 42 70 83
88 44 69 2
52 41 14 52
89 27 30 24
15 10 31 22
64 40 68 98
10 84 93 90
56 45 43 56
5 24 59 43
78 44 21 67
53 58 55 34
23 58 96 76
63 17 35 95
4 68 50 85
74 35 57 96
7 95 63 38
86 27 5 2
58 74 11 6
21 97 28 89
52 53 21 25
75 33 34 23
65 59 70 47
11 93 75 53
78 63 27 37
48 18 14 65
21 22 16 4
99 84 15 26
30 54 70 72
34 21 72 30
97 32 94 96
66 45 86 55
22 51 12 97
45 37 69 89
57 37 19 4
87 22 4 98
40 28 74 59
49 69 63 58
90 32 61 35
67 40 100 43
100 87 33 41
26 32 99 78
5 56 97 22
35 65 29 43
5 68 62 65
16 46 28 5
51 78 11 24
46 14 76 31
62 55 90 9
55 49 34 48
81 7 4 47
39 92 33 54
88 47 66 91
62 85 53 64
75 55 26 38
76 9 12 98
19 76 42 67
78 96 85 43
97 86 75 26
23 37 39 43
63 4 98 40
69 19 68 90
65 23 49 23
97 61 32 10
10 59 94 51
70 74 25 88
46 61 65 55
95 20 67 68
7 50 63 89
73 50 54 73
15 55 33 1
10 12 26 40
69 25 79 88
76 69 7 88
67 98 73 78
6 24 65 30
54 62 57 42
79 77 61 27
27 51 63 10
1 59 70 27
53 15 14 26
64 93 25 47
60 46 80 30
74 79 84 37
14 91 81 100
38 75 73 4
94 29 46 58
10 65 2 97
23 48 30 16
65 78 24 92
43 70 87 67
60 39 70 30
43 65 49 31
3 93 54 78
86 20 16 62
30 77 67 78
86 98 57 80
13 51 65 59
49 83 99 100
81 54 79 96
73 6 69 51
51 85 50 37
61 73 96 43
26 69 18 12
50 15 67 96
51 73 80 82
14 46 15 2
47 64 30 94
57 29 71 53
57 22 100 26
65 55 66 20
58 20 31 91
90 46 100 21
4 94 79 44
33 36 85 36
72 71 49 41
67 76 68 70
71 86 92 38
87 18 30 35
42 88 88 81
95 42 5 19
33 69 42 51
54 74 6 70
29 83 3 64
73 37 78 74
95 23 23 52
78 78 30 96
73 66 18 79
98 20 80 40
84 98 33 72
47 53 82 33
86 54 9 56
70 89 1 23
9 82 62 98
20 30 45 54
7 22 28 56
34 61 32 34
1 97 66 49
24 17 35 26
44 23 83 67
87 4 56 12
15 35 66 48
45 3 3 63
20 54 17 58
89 21 96 65
18 72 19 66
12 79 13 19
5 94 41 1
61 100 23 11
24 33 52 23
96 7 42 20
21 56 23 86
94 95 70 67
78 34 66 100
28 7 19 48
64 68 53 44
17 65 28 2
79 44 56 9
7 1 19 26
85 6 39 14
87 22 77 69
50 65 66 94
95 70 88 16
9 30 82 10
57 75 70 85
45 18 25 26
91 81 71 45
81 83 95 25
39 88 67 86
69 51 77 56
26 21 46 16
2 57 63 85
32 37 89 94
85 83 21 49
67 4 13 31
8 15 72 45
56 34 41 99
32 24 9 17
90 74 89 17
27 94 42 74
86 48 67 97
75 31 7 68
29 19 23 20
83 64 14 87
16 47 17 17
53 95 17 95
74 83 75 63
74 54 71 35
48 71 46 8
15 95 16 34
71 21 5 52
17 58 94 97
22 96 39 90
33 16 27 68
11 16 79 25
87 77 88 80
54 89 81 97
44 12 11 64
28 89 40 18
79 81 65 16
78 31 53 96
36 4 23 51
29 34 52 6
41 35 43 5
78 94 5 10
16 42 34 18
51 93 29 17
52 59 67 5
75 62 11 6
48 62 100 10
29 29 70 54
61 14 34 15
96 28 50 11
44 57 18 85
31 4 65 54
72 54 23 52
63 33 32 62
27 47 17 61
71 1 83 51
93 22 15 67
58 72 16 5
45 1 29 93
86 3 82 76
59 32 41 76
63 25 11 75
3 80 29 49
45 43 90 99
40 91 55 9
85 13 55 91
65 50 45 79
51 46 84 4
43 47 91 25
71 82 24 34
63 84 73 56
11 59 87 47
34 91 94 64
88 53 20 6
64 72 68 85
32 1 48 1
94 92 43 13
44 69 96 34
7 21 68 18
28 38 21 86
52 23 38 86
63 69 61 37
79 29 11 70
4 94 55 57
66 74 81 61
54 59 99 53
27 32 87 34
93 15 33 51
52 18 91 8
81 32 70 37
65 80 42 76
19 10 53 45
82 78 51 50
81 34 82 65
18 68 99 8
45 42 54 9
67 40 84 95
12 73 42 66
30 42 53 5
38 38 14 58
29 88 82 34
9 76 100 38
90 12 38 66
50 75 51 7
82 22 40 5
45 92 57 80
23 75 94 1
46 45 67 6
22 51 85 31
23 28 73 97
24 49 4 91
91 54 97 25
59 14 36 8
64 16 60 24
42 5 49 53
54 30 28 66
40 19 84 67
67 79 58 39
31 44 69 6
28 31 77 21
22 56 27 99
52 14 2 100
7 90 24 2
49 3 53 34
96 45 77 15
64 24 21 79
35 11 64 73
92 7 56 85
56 27 38 25
99 81 62 22
70 17 93 61
76 61 100 20
27 54 94 66
74 44 7 76
6 30 76 91
12 31 9 100
26 16 55 49
56 31 12 58
69 82 75 39
35 76 11 36
91 66 77 72
42 20 33 73
15 66 65 44
10 84 35 48
39 51 6 55
11 57 2 63
47 8 49 2
79 19 31 15
26 12 99 25
24 48 99 74
70 41 86 21
47 52 73 62
38 43 23 71
96 4 66 98
57 9 26 72
30 82 17 10
51 50 6 77
46 65 91 80
59 28 63 37
53 11 67 31
20 62 30 58
69 17 16 43
61 87 96 83
5 73 68 18
89 26 56 55
2 33 80 55
89 16 3 80
56 6 91 16
96 8 62 95
75 14 42 61
82 42 2 18
14 87 58 72
22 10 37 27
10 42 50 49
32 62 21 27
84 21 62 59
60 46 79 97
31 10 9 73
37 19 51 12
74 51 45 4
39 70 16 64
4 7 24 69
32 77 57 72
89 64 97 46
72 50 57 43
27 85 82 27
92 2 44 1
16 67 41 5
53 66 73 56
68 98 7 91
44 52 10 95
1 44 17 78
25 16 5 23
37 18 8 38
20 65 63 46
35 31 39 77
49 21 96 65
8 65 88 34
3 21 22 5
89 90 96 74
68 25 6 100
11 23 39 63
44 46 82 70
23 22 20 20
83 61 44 7
62 49 90 28
2 90 1 17
74 80 49 35
10 31 68 39
39 21 86 68
87 38 74 72
70 39 10 63
73 60 96 80
2 16 35 51
36 38 3 2
42 59 32 97
89 95 77 65
63 75 89 61
97 10 35 69
48 10 83 95
1 66 9 4
87 20 77 79
31 67 30 32
11 9 1 44
36 63 72 79
86 9 82 53
93 24 64 8
57 96 63 22
62 27 28 5
19 13 24 62
21 23 55 31
40 99 65 3
2 75 82 50
5 10 87 56
72 26 81 33
5 38 48 51
