Total running time =14
Number of object-to-object comparisons = 17242
Size of skyline set = 166
List of ids of the skyline objects in sorted manner : 
5.0
12.0
29.0
35.0
48.0
57.0
75.0
91.0
96.0
97.0
98.0
115.0
126.0
133.0
138.0
142.0
143.0
155.0
157.0
170.0
172.0
187.0
195.0
202.0
204.0
207.0
210.0
218.0
223.0
234.0
235.0
244.0
246.0
249.0
255.0
259.0
266.0
267.0
271.0
272.0
274.0
281.0
290.0
293.0
300.0
309.0
313.0
315.0
318.0
325.0
338.0
341.0
342.0
345.0
348.0
355.0
369.0
374.0
376.0
381.0
383.0
387.0
391.0
392.0
415.0
421.0
423.0
425.0
436.0
455.0
470.0
475.0
486.0
493.0
498.0
499.0
511.0
513.0
517.0
518.0
542.0
553.0
555.0
563.0
564.0
566.0
568.0
569.0
577.0
579.0
582.0
592.0
601.0
612.0
614.0
618.0
619.0
627.0
630.0
636.0
642.0
647.0
648.0
651.0
661.0
663.0
671.0
676.0
684.0
686.0
689.0
697.0
705.0
708.0
709.0
711.0
712.0
722.0
741.0
742.0
746.0
748.0
751.0
757.0
763.0
784.0
785.0
796.0
803.0
808.0
812.0
813.0
819.0
823.0
828.0
829.0
832.0
836.0
842.0
843.0
848.0
850.0
857.0
860.0
872.0
893.0
894.0
908.0
909.0
911.0
943.0
950.0
954.0
960.0
961.0
963.0
964.0
965.0
970.0
975.0
976.0
982.0
983.0
991.0
997.0
999.0
